uid id
276847 0
276925 1
276929 2
276964 3
277157 4
277195 5
277203 6
277378 7
277427 8
277478 9
277523 10
277639 11
277928 12
277965 13
278026 14
278137 15
278144 16
278188 17
278194 18
278202 19
278221 20
278356 21
278418 22
278535 23
278582 24
278633 25
278843 26
243 27
254 28
383 29
487 30
503 31
507 32
638 33
651 34
741 35
805 36
882 37
929 38
1025 39
1131 40
1211 41
1424 42
1435 43
1548 44
1674 45
1733 46
1848 47
1903 48
1928 49
2010 50
2030 51
2033 52
2090 53
2110 54
2132 55
2179 56
2276 57
2288 58
2313 59
2358 60
2766 61
2793 62
2891 63
2977 64
3145 65
3167 66
3282 67
3346 68
3363 69
3371 70
3373 71
3556 72
3675 73
3757 74
3827 75
3840 76
3923 77
4017 78
4092 79
4131 80
4157 81
4334 82
4385 83
4622 84
4785 85
4896 86
4938 87
5037 88
5209 89
5439 90
5476 91
5483 92
5499 93
5539 94
5543 95
5582 96
5609 97
5899 98
5903 99
6007 100
6073 101
6238 102
6242 103
6251 104
6280 105
6323 106
6333 107
6345 108
6431 109
6532 110
6537 111
6543 112
6563 113
6575 114
6577 115
6662 116
6772 117
6789 118
6866 119
6900 120
7082 121
7105 122
7125 123
7128 124
7134 125
7158 126
7210 127
7283 128
7286 129
7312 130
7346 131
7371 132
7569 133
7620 134
7841 135
7864 136
7887 137
7915 138
7958 139
8019 140
8066 141
8067 142
8167 143
8234 144
8245 145
8250 146
8253 147
8284 148
8314 149
8362 150
8454 151
8487 152
8529 153
8584 154
8680 155
8681 156
8695 157
8734 158
8782 159
8801 160
8839 161
8870 162
8890 163
8936 164
8937 165
8971 166
9029 167
9141 168
9227 169
9289 170
9354 171
9357 172
9381 173
9408 174
9417 175
9571 176
9613 177
9747 178
9856 179
9908 180
10030 181
10118 182
10241 183
10314 184
10354 185
10447 186
10560 187
10590 188
10819 189
11120 190
11224 191
11245 192
11400 193
11601 194
11629 195
11657 196
11676 197
11687 198
11709 199
11718 200
11724 201
11832 202
11993 203
12100 204
12194 205
12238 206
12272 207
12331 208
12515 209
12537 210
12538 211
12569 212
12692 213
12811 214
12824 215
12835 216
12863 217
12917 218
12982 219
12990 220
13080 221
13082 222
13093 223
13273 224
13518 225
13540 226
13551 227
13552 228
13582 229
13600 230
13607 231
13664 232
13850 233
13935 234
13995 235
14079 236
14173 237
14230 238
14232 239
14326 240
14374 241
14387 242
14422 243
14449 244
14451 245
14456 246
14521 247
14638 248
14667 249
14698 250
14768 251
14897 252
14958 253
14966 254
15021 255
15049 256
15408 257
15418 258
15497 259
15589 260
15602 261
15651 262
15670 263
15819 264
15918 265
15945 266
15957 267
16009 268
16036 269
16106 270
16121 271
16155 272
16246 273
16263 274
16413 275
16488 276
16504 277
16545 278
16599 279
16601 280
16634 281
16718 282
16721 283
16781 284
16795 285
16835 286
16871 287
16908 288
16916 289
16943 290
16949 291
16966 292
16996 293
16999 294
17003 295
17183 296
17190 297
17282 298
17507 299
17667 300
17761 301
17859 302
17894 303
17950 304
17970 305
18067 306
18082 307
18095 308
18096 309
18155 310
18172 311
18384 312
18401 313
18439 314
18519 315
18850 316
18979 317
18995 318
19085 319
19145 320
19336 321
19422 322
19493 323
19522 324
19664 325
19681 326
19711 327
19842 328
20060 329
20115 330
20119 331
20149 332
20172 333
20180 334
20201 335
20332 336
20336 337
20409 338
20462 339
20561 340
20627 341
20859 342
20971 343
21011 344
21014 345
21031 346
21229 347
21252 348
21356 349
21364 350
21404 351
21484 352
21540 353
21576 354
21618 355
21659 356
21684 357
21774 358
21875 359
22062 360
22074 361
22089 362
22252 363
22365 364
22409 365
22495 366
22521 367
22624 368
22625 369
22818 370
22900 371
23065 372
23070 373
23124 374
23288 375
23511 376
23547 377
23571 378
23619 379
23659 380
23680 381
23699 382
23768 383
23771 384
23871 385
23872 386
23902 387
23933 388
24186 389
24194 390
24379 391
24391 392
24433 393
24452 394
24539 395
24544 396
24627 397
24641 398
24694 399
24733 400
24835 401
24846 402
24878 403
24921 404
24933 405
24934 406
24941 407
24945 408
25009 409
25131 410
25253 411
25261 412
25311 413
25395 414
25409 415
25410 416
25436 417
25533 418
25583 419
25601 420
25630 421
25695 422
25700 423
25792 424
25827 425
25890 426
25916 427
25919 428
25930 429
25981 430
26057 431
26084 432
26182 433
26196 434
26240 435
26371 436
26443 437
26487 438
26516 439
26517 440
26535 441
26538 442
26544 443
26583 444
26593 445
26598 446
26620 447
26621 448
26624 449
26713 450
26730 451
26813 452
26831 453
26883 454
27140 455
27169 456
27193 457
27383 458
27462 459
27472 460
27551 461
27617 462
27647 463
27740 464
27788 465
27812 466
27813 467
27875 468
27947 469
28016 470
28076 471
28139 472
28177 473
28204 474
28255 475
28360 476
28451 477
28454 478
28492 479
28523 480
28537 481
28591 482
28594 483
28619 484
28634 485
28666 486
28667 487
28735 488
28820 489
28865 490
28877 491
28938 492
29070 493
29094 494
29101 495
29209 496
29259 497
29419 498
29526 499
29806 500
29855 501
29915 502
29974 503
30029 504
30035 505
30052 506
30072 507
30081 508
30125 509
30144 510
30261 511
30273 512
30276 513
30312 514
30324 515
30445 516
30487 517
30509 518
30511 519
30531 520
30533 521
30555 522
30594 523
30711 524
30712 525
30716 526
30735 527
30744 528
30746 529
30770 530
30806 531
30810 532
30824 533
30898 534
30971 535
30972 536
30979 537
30985 538
30994 539
31008 540
31010 541
31040 542
31049 543
31050 544
31080 545
31082 546
31094 547
31172 548
31226 549
31256 550
31308 551
31315 552
31343 553
31391 554
31393 555
31406 556
31466 557
31468 558
31471 559
31551 560
31556 561
31609 562
31611 563
31652 564
31826 565
31846 566
31900 567
31919 568
31987 569
32034 570
32110 571
32122 572
32148 573
32195 574
32211 575
32250 576
32329 577
32440 578
32516 579
32569 580
32575 581
32599 582
32627 583
32721 584
32773 585
32793 586
32802 587
33124 588
33145 589
33179 590
33281 591
33283 592
33307 593
33319 594
33474 595
33580 596
33614 597
33816 598
33818 599
33832 600
33862 601
33933 602
33943 603
33958 604
33974 605
33999 606
34075 607
34087 608
34215 609
34300 610
34377 611
34397 612
34501 613
34523 614
34588 615
34600 616
34636 617
34752 618
34801 619
34864 620
34932 621
35030 622
35050 623
35188 624
35233 625
35320 626
35407 627
35433 628
35445 629
35490 630
35704 631
35718 632
35789 633
35836 634
35857 635
35859 636
35918 637
35921 638
36003 639
36135 640
36157 641
36256 642
36299 643
36327 644
36554 645
36606 646
36609 647
36673 648
36715 649
36741 650
36749 651
36807 652
36817 653
36836 654
36839 655
36907 656
36935 657
36992 658
37019 659
37022 660
37208 661
37227 662
37293 663
37310 664
37311 665
37400 666
37493 667
37512 668
37527 669
37538 670
37556 671
37567 672
37573 673
37597 674
37623 675
37644 676
37691 677
37712 678
37874 679
37950 680
37968 681
37974 682
37975 683
37989 684
38023 685
38034 686
38229 687
38273 688
38281 689
38464 690
38544 691
38556 692
38590 693
38654 694
38660 695
38718 696
38725 697
38781 698
38802 699
38887 700
38933 701
38950 702
38995 703
39195 704
39227 705
39281 706
39345 707
39396 708
39441 709
39467 710
39502 711
39513 712
39584 713
39616 714
39646 715
39705 716
39773 717
40012 718
40110 719
40330 720
40415 721
40435 722
40553 723
40559 724
40612 725
40647 726
40796 727
40798 728
40889 729
40914 730
40922 731
40943 732
41057 733
41084 734
41086 735
41123 736
41177 737
41227 738
41364 739
41449 740
41455 741
41589 742
41596 743
41634 744
41667 745
41700 746
41701 747
41718 748
41757 749
41781 750
41831 751
41837 752
41841 753
42093 754
42323 755
42400 756
42410 757
42419 758
42458 759
42459 760
42466 761
42573 762
42597 763
42914 764
42948 765
43004 766
43006 767
43021 768
43093 769
43163 770
43246 771
43359 772
43481 773
43595 774
43619 775
43678 776
43687 777
43806 778
43807 779
43842 780
43850 781
43910 782
43920 783
43962 784
44089 785
44252 786
44296 787
44297 788
44404 789
44467 790
44535 791
44590 792
44595 793
44647 794
44727 795
44728 796
44842 797
44845 798
44852 799
44893 800
44925 801
45042 802
45107 803
45113 804
45315 805
45340 806
45383 807
45416 808
45418 809
45557 810
45772 811
46145 812
46154 813
46269 814
46293 815
46351 816
46398 817
46443 818
46461 819
46892 820
46907 821
46909 822
47117 823
47118 824
47128 825
47279 826
47316 827
47368 828
47512 829
47534 830
47594 831
47605 832
47609 833
47779 834
47793 835
47819 836
47856 837
47971 838
47975 839
48025 840
48037 841
48046 842
48057 843
48213 844
48217 845
48261 846
48268 847
48355 848
48494 849
48579 850
48595 851
48743 852
48753 853
48911 854
48970 855
48975 856
48995 857
49109 858
49144 859
49154 860
49155 861
49212 862
49225 863
49300 864
49314 865
49422 866
49423 867
49460 868
49635 869
49771 870
49792 871
49842 872
49889 873
49900 874
49980 875
49994 876
50073 877
50129 878
50141 879
50204 880
50205 881
50206 882
50225 883
50526 884
50547 885
50550 886
50681 887
50730 888
50823 889
50849 890
50859 891
50895 892
51082 893
51094 894
51192 895
51252 896
51350 897
51365 898
51386 899
51440 900
51450 901
51526 902
51571 903
51627 904
51682 905
51742 906
51803 907
51856 908
51883 909
51974 910
51992 911
52002 912
52011 913
52044 914
52159 915
52175 916
52199 917
52203 918
52293 919
52313 920
52350 921
52521 922
52584 923
52614 924
52807 925
52853 926
52917 927
52968 928
52994 929
53140 930
53174 931
53220 932
53241 933
53256 934
53278 935
53304 936
53392 937
53418 938
53430 939
53456 940
53590 941
53614 942
53628 943
53729 944
53846 945
54005 946
54193 947
54206 948
54218 949
54335 950
54453 951
54497 952
54511 953
54564 954
54578 955
54589 956
54605 957
54622 958
54652 959
54884 960
54898 961
55006 962
55027 963
55065 964
55075 965
55142 966
55178 967
55187 968
55202 969
55203 970
55375 971
55408 972
55438 973
55487 974
55490 975
55492 976
55493 977
55548 978
55559 979
55607 980
55734 981
55751 982
55799 983
55858 984
55892 985
55927 986
56039 987
56157 988
56193 989
56271 990
56272 991
56307 992
56360 993
56391 994
56399 995
56447 996
56470 997
56554 998
56661 999
56804 1000
56856 1001
56959 1002
57006 1003
57105 1004
57108 1005
57200 1006
57234 1007
57255 1008
57398 1009
57412 1010
57449 1011
57599 1012
57620 1013
57725 1014
57726 1015
57976 1016
58062 1017
58067 1018
58142 1019
58156 1020
58224 1021
58255 1022
58363 1023
58389 1024
58458 1025
58529 1026
58594 1027
58612 1028
58768 1029
58911 1030
58961 1031
59038 1032
59059 1033
59148 1034
59150 1035
59172 1036
59189 1037
59209 1038
59269 1039
59305 1040
59390 1041
59504 1042
59656 1043
59727 1044
59770 1045
59812 1046
59820 1047
59912 1048
59971 1049
60041 1050
60050 1051
60098 1052
60168 1053
60244 1054
60263 1055
60277 1056
60278 1057
60319 1058
60337 1059
60392 1060
60427 1061
60475 1062
60569 1063
60583 1064
60621 1065
60707 1066
60797 1067
60809 1068
60858 1069
60970 1070
60977 1071
61028 1072
61038 1073
61107 1074
61147 1075
61211 1076
61257 1077
61427 1078
61619 1079
61667 1080
61668 1081
61704 1082
61775 1083
61798 1084
61845 1085
61854 1086
61901 1087
61910 1088
62009 1089
62193 1090
62239 1091
62272 1092
62339 1093
62464 1094
62542 1095
62558 1096
62688 1097
62755 1098
62862 1099
62881 1100
62891 1101
62895 1102
62958 1103
62966 1104
63389 1105
63394 1106
63506 1107
63595 1108
63625 1109
63714 1110
63854 1111
63865 1112
63938 1113
63956 1114
63993 1115
63997 1116
64015 1117
64120 1118
64126 1119
64241 1120
64261 1121
64310 1122
64436 1123
64440 1124
64679 1125
64763 1126
64943 1127
64946 1128
65032 1129
65038 1130
65145 1131
65208 1132
65228 1133
65258 1134
65322 1135
65584 1136
65663 1137
65665 1138
65769 1139
65791 1140
65817 1141
65877 1142
65913 1143
66055 1144
66073 1145
66113 1146
66323 1147
66385 1148
66443 1149
66483 1150
66518 1151
66574 1152
66591 1153
66680 1154
66789 1155
66797 1156
66878 1157
66883 1158
66942 1159
67034 1160
67085 1161
67111 1162
67198 1163
67270 1164
67397 1165
67402 1166
67403 1167
67515 1168
67547 1169
67591 1170
67627 1171
67663 1172
67749 1173
67775 1174
67782 1175
67840 1176
67910 1177
67930 1178
67997 1179
68000 1180
68128 1181
68156 1182
68185 1183
68249 1184
68256 1185
68383 1186
68436 1187
68478 1188
68491 1189
68555 1190
68561 1191
68568 1192
68760 1193
68846 1194
68886 1195
68943 1196
68984 1197
69042 1198
69078 1199
69156 1200
69188 1201
69211 1202
69232 1203
69252 1204
69310 1205
69355 1206
69378 1207
69389 1208
69405 1209
69554 1210
69658 1211
69684 1212
69697 1213
69709 1214
69721 1215
69775 1216
69808 1217
69810 1218
69933 1219
69971 1220
69986 1221
70014 1222
70052 1223
70065 1224
70183 1225
70222 1226
70345 1227
70401 1228
70402 1229
70415 1230
70538 1231
70541 1232
70564 1233
70594 1234
70649 1235
70666 1236
70703 1237
70713 1238
70931 1239
70999 1240
71102 1241
71207 1242
71234 1243
71261 1244
71470 1245
71490 1246
71568 1247
71587 1248
71662 1249
71712 1250
71739 1251
71786 1252
71831 1253
71853 1254
71900 1255
71902 1256
72100 1257
72183 1258
72190 1259
72214 1260
72238 1261
72296 1262
72352 1263
72368 1264
72451 1265
72523 1266
72530 1267
72531 1268
72575 1269
72601 1270
72636 1271
72707 1272
72785 1273
72863 1274
72990 1275
72992 1276
73044 1277
73056 1278
73127 1279
73157 1280
73196 1281
73330 1282
73394 1283
73548 1284
73588 1285
73651 1286
73681 1287
73741 1288
73923 1289
74026 1290
74056 1291
74106 1292
74172 1293
74185 1294
74215 1295
74286 1296
74328 1297
74356 1298
74453 1299
74493 1300
74630 1301
74665 1302
74689 1303
74691 1304
74709 1305
74758 1306
74833 1307
74911 1308
75081 1309
75089 1310
75115 1311
75149 1312
75485 1313
75486 1314
75491 1315
75551 1316
75591 1317
75595 1318
75819 1319
75860 1320
76019 1321
76102 1322
76151 1323
76168 1324
76173 1325
76223 1326
76351 1327
76352 1328
76482 1329
76483 1330
76499 1331
76530 1332
76532 1333
76575 1334
76576 1335
76626 1336
76710 1337
76803 1338
76818 1339
76888 1340
76942 1341
77039 1342
77052 1343
77082 1344
77181 1345
77270 1346
77383 1347
77480 1348
77491 1349
77530 1350
77724 1351
77809 1352
77860 1353
77940 1354
78015 1355
78328 1356
78448 1357
78496 1358
78553 1359
78719 1360
78777 1361
78783 1362
78834 1363
78846 1364
78901 1365
78941 1366
78973 1367
79009 1368
79182 1369
79186 1370
79215 1371
79266 1372
79285 1373
79441 1374
79475 1375
79506 1376
79556 1377
79724 1378
79736 1379
79740 1380
79747 1381
79754 1382
79854 1383
79923 1384
79942 1385
79961 1386
79977 1387
80071 1388
80075 1389
80202 1390
80203 1391
80234 1392
80266 1393
80453 1394
80538 1395
80555 1396
80642 1397
80683 1398
80684 1399
80803 1400
80810 1401
80820 1402
80826 1403
80908 1404
80945 1405
80954 1406
81015 1407
81045 1408
81088 1409
81121 1410
81128 1411
81207 1412
81216 1413
81263 1414
81274 1415
81298 1416
81318 1417
81368 1418
81370 1419
81481 1420
81492 1421
81531 1422
81560 1423
81597 1424
81609 1425
81682 1426
81771 1427
81845 1428
81848 1429
81855 1430
81865 1431
81950 1432
81977 1433
82123 1434
82164 1435
82171 1436
82192 1437
82407 1438
82497 1439
82511 1440
82831 1441
82893 1442
82917 1443
82926 1444
82942 1445
83034 1446
83069 1447
83109 1448
83156 1449
83178 1450
83214 1451
83239 1452
83287 1453
83431 1454
83443 1455
83467 1456
83496 1457
83561 1458
83637 1459
83646 1460
83666 1461
83671 1462
83707 1463
83754 1464
84024 1465
84126 1466
84201 1467
84476 1468
84479 1469
84523 1470
84727 1471
84795 1472
84820 1473
84866 1474
84880 1475
84882 1476
84897 1477
84900 1478
85043 1479
85367 1480
85426 1481
85433 1482
85455 1483
85526 1484
85534 1485
85587 1486
85616 1487
85656 1488
85701 1489
85757 1490
85851 1491
85872 1492
85962 1493
85993 1494
86051 1495
86093 1496
86107 1497
86123 1498
86145 1499
86159 1500
86189 1501
86202 1502
86242 1503
86243 1504
86303 1505
86392 1506
86408 1507
86489 1508
86538 1509
86548 1510
86583 1511
86641 1512
86680 1513
86720 1514
86792 1515
86835 1516
86959 1517
86969 1518
87141 1519
87143 1520
87155 1521
87257 1522
87351 1523
87555 1524
87579 1525
87690 1526
87707 1527
87712 1528
87729 1529
87746 1530
87911 1531
87929 1532
87938 1533
87949 1534
87964 1535
87974 1536
88122 1537
88229 1538
88283 1539
88389 1540
88412 1541
88416 1542
88435 1543
88620 1544
88652 1545
88677 1546
88693 1547
88729 1548
88733 1549
88738 1550
88793 1551
88937 1552
88976 1553
88993 1554
89014 1555
89093 1556
89179 1557
89192 1558
89207 1559
89307 1560
89391 1561
89507 1562
89551 1563
89602 1564
89851 1565
89852 1566
89867 1567
89869 1568
90049 1569
90075 1570
90105 1571
90137 1572
90198 1573
90232 1574
90277 1575
90286 1576
90391 1577
90417 1578
90423 1579
90471 1580
90616 1581
90653 1582
90731 1583
90766 1584
90784 1585
90915 1586
91002 1587
91017 1588
91026 1589
91058 1590
91100 1591
91103 1592
91113 1593
91119 1594
91130 1595
91165 1596
91184 1597
91203 1598
91266 1599
91342 1600
91425 1601
91449 1602
91627 1603
91631 1604
91633 1605
91634 1606
91692 1607
91832 1608
91931 1609
92132 1610
92152 1611
92405 1612
92498 1613
92547 1614
92652 1615
92696 1616
92810 1617
92853 1618
92861 1619
92979 1620
93034 1621
93046 1622
93047 1623
93059 1624
93085 1625
93092 1626
93114 1627
93130 1628
93147 1629
93179 1630
93241 1631
93312 1632
93355 1633
93358 1634
93363 1635
93364 1636
93421 1637
93426 1638
93453 1639
93518 1640
93565 1641
93591 1642
93629 1643
93631 1644
93698 1645
93732 1646
93769 1647
93794 1648
94242 1649
94334 1650
94347 1651
94494 1652
94529 1653
94781 1654
94787 1655
94818 1656
94840 1657
94853 1658
94897 1659
94923 1660
94951 1661
94952 1662
94985 1663
95010 1664
95025 1665
95049 1666
95173 1667
95193 1668
95201 1669
95250 1670
95261 1671
95316 1672
95353 1673
95359 1674
95393 1675
95506 1676
95509 1677
95525 1678
95574 1679
95741 1680
95903 1681
95915 1682
95921 1683
95923 1684
95932 1685
95991 1686
96054 1687
96096 1688
96194 1689
96320 1690
96335 1691
96357 1692
96440 1693
96448 1694
96474 1695
96475 1696
96493 1697
96521 1698
96554 1699
96679 1700
96744 1701
96771 1702
96776 1703
96869 1704
96880 1705
96954 1706
96970 1707
97025 1708
97160 1709
97208 1710
97290 1711
97324 1712
97598 1713
97694 1714
97721 1715
97754 1716
97848 1717
97874 1718
97945 1719
98104 1720
98159 1721
98263 1722
98297 1723
98322 1724
98356 1725
98391 1726
98440 1727
98484 1728
98499 1729
98547 1730
98575 1731
98628 1732
98647 1733
98686 1734
98723 1735
98741 1736
98758 1737
98783 1738
98787 1739
98887 1740
98904 1741
98930 1742
98943 1743
98958 1744
99032 1745
99102 1746
99136 1747
99312 1748
99347 1749
99441 1750
99630 1751
99641 1752
99720 1753
99738 1754
99955 1755
99996 1756
100009 1757
100088 1758
100115 1759
100227 1760
100264 1761
100459 1762
100578 1763
100644 1764
100648 1765
100658 1766
100782 1767
100783 1768
100822 1769
100846 1770
100906 1771
100984 1772
101141 1773
101209 1774
101214 1775
101304 1776
101305 1777
101336 1778
101606 1779
101620 1780
101696 1781
101731 1782
101851 1783
101874 1784
101876 1785
101882 1786
102029 1787
102032 1788
102154 1789
102164 1790
102227 1791
102275 1792
102322 1793
102359 1794
102375 1795
102505 1796
102564 1797
102642 1798
102647 1799
102702 1800
102705 1801
102945 1802
102967 1803
103024 1804
103304 1805
103315 1806
103336 1807
103541 1808
103630 1809
103811 1810
104058 1811
104113 1812
104123 1813
104144 1814
104211 1815
104243 1816
104268 1817
104278 1818
104311 1819
104334 1820
104362 1821
104399 1822
104413 1823
104422 1824
104429 1825
104505 1826
104569 1827
104604 1828
104636 1829
104657 1830
104665 1831
104812 1832
104880 1833
104939 1834
105012 1835
105028 1836
105054 1837
105058 1838
105108 1839
105187 1840
105214 1841
105221 1842
105374 1843
105476 1844
105517 1845
105536 1846
105572 1847
105627 1848
105672 1849
105869 1850
105937 1851
105968 1852
105979 1853
106007 1854
106086 1855
106131 1856
106225 1857
106273 1858
106280 1859
106294 1860
106331 1861
106417 1862
106725 1863
106768 1864
106816 1865
106845 1866
106849 1867
106893 1868
106936 1869
106954 1870
106988 1871
107021 1872
107244 1873
107258 1874
107301 1875
107324 1876
107326 1877
107384 1878
107426 1879
107431 1880
107453 1881
107456 1882
107510 1883
107540 1884
107784 1885
107865 1886
107889 1887
107951 1888
107960 1889
108005 1890
108155 1891
108243 1892
108285 1893
108336 1894
108352 1895
108392 1896
108405 1897
108480 1898
108481 1899
108485 1900
108535 1901
108700 1902
108752 1903
108753 1904
108773 1905
108799 1906
108950 1907
109013 1908
109040 1909
109049 1910
109122 1911
109349 1912
109427 1913
109461 1914
109491 1915
109562 1916
109574 1917
109605 1918
109741 1919
109771 1920
109779 1921
109783 1922
109899 1923
109901 1924
109955 1925
109971 1926
110029 1927
110040 1928
110076 1929
110112 1930
110214 1931
110267 1932
110317 1933
110361 1934
110373 1935
110382 1936
110406 1937
110440 1938
110483 1939
110608 1940
110746 1941
110912 1942
110934 1943
110973 1944
111019 1945
111035 1946
111133 1947
111174 1948
111190 1949
111241 1950
111261 1951
111286 1952
111474 1953
111578 1954
111637 1955
111749 1956
111816 1957
111847 1958
111924 1959
111944 1960
111947 1961
112001 1962
112026 1963
112083 1964
112093 1965
112109 1966
112240 1967
112401 1968
112408 1969
112512 1970
112541 1971
112559 1972
112761 1973
112765 1974
112881 1975
112914 1976
112953 1977
113030 1978
113270 1979
113277 1980
113279 1981
113292 1982
113334 1983
113364 1984
113435 1985
113467 1986
113519 1987
113537 1988
113586 1989
113663 1990
113752 1991
113817 1992
113904 1993
113944 1994
113955 1995
113983 1996
114007 1997
114178 1998
114216 1999
114258 2000
114265 2001
114279 2002
114368 2003
114414 2004
114444 2005
114446 2006
114544 2007
114581 2008
114601 2009
114629 2010
114698 2011
114785 2012
114813 2013
114865 2014
114868 2015
114988 2016
115002 2017
115003 2018
115120 2019
115180 2020
115234 2021
115435 2022
115473 2023
115488 2024
115490 2025
115503 2026
115537 2027
115552 2028
115572 2029
115679 2030
115692 2031
115841 2032
115904 2033
115929 2034
115953 2035
116005 2036
116006 2037
116122 2038
116123 2039
116160 2040
116183 2041
116210 2042
116301 2043
116395 2044
116428 2045
116599 2046
116676 2047
116758 2048
116763 2049
116866 2050
116904 2051
116931 2052
117111 2053
117132 2054
117210 2055
117251 2056
117384 2057
117539 2058
117548 2059
117593 2060
117594 2061
117852 2062
117873 2063
117963 2064
118228 2065
118275 2066
118320 2067
118333 2068
118434 2069
118484 2070
118533 2071
118587 2072
118627 2073
118628 2074
118677 2075
118881 2076
119027 2077
119248 2078
119282 2079
119326 2080
119364 2081
119369 2082
119505 2083
119517 2084
119575 2085
119590 2086
119594 2087
119671 2088
119725 2089
119749 2090
119858 2091
119963 2092
120080 2093
120082 2094
120090 2095
120093 2096
120137 2097
120155 2098
120178 2099
120396 2100
120515 2101
120548 2102
120565 2103
120598 2104
120610 2105
120696 2106
120735 2107
120828 2108
120908 2109
121083 2110
121093 2111
121119 2112
121170 2113
121251 2114
121264 2115
121407 2116
121592 2117
121594 2118
121606 2119
121726 2120
121817 2121
121986 2122
122014 2123
122037 2124
122096 2125
122429 2126
122440 2127
122506 2128
122716 2129
122782 2130
122793 2131
122801 2132
122881 2133
122988 2134
123056 2135
123094 2136
123095 2137
123143 2138
123154 2139
123215 2140
123257 2141
123261 2142
123430 2143
123460 2144
123500 2145
123501 2146
123515 2147
123544 2148
123597 2149
123608 2150
123625 2151
123744 2152
123784 2153
123790 2154
123825 2155
123867 2156
123883 2157
123981 2158
123988 2159
124066 2160
124078 2161
124079 2162
124233 2163
124259 2164
124298 2165
124310 2166
124322 2167
124363 2168
124378 2169
124487 2170
124489 2171
124574 2172
124597 2173
124617 2174
124688 2175
124717 2176
124874 2177
124876 2178
124888 2179
124942 2180
124983 2181
124989 2182
125031 2183
125039 2184
125060 2185
125063 2186
125143 2187
125156 2188
125203 2189
125287 2190
125303 2191
125411 2192
125474 2193
125519 2194
125538 2195
125692 2196
125736 2197
125774 2198
125779 2199
125798 2200
125808 2201
125878 2202
125918 2203
125928 2204
126053 2205
126149 2206
126196 2207
126240 2208
126296 2209
126388 2210
126395 2211
126487 2212
126492 2213
126531 2214
126585 2215
126604 2216
126693 2217
126695 2218
126697 2219
126726 2220
126736 2221
126783 2222
126810 2223
126812 2224
126814 2225
126860 2226
126903 2227
126911 2228
127024 2229
127035 2230
127129 2231
127131 2232
127190 2233
127200 2234
127203 2235
127233 2236
127359 2237
127384 2238
127417 2239
127429 2240
127481 2241
127505 2242
127564 2243
127621 2244
127623 2245
127826 2246
127914 2247
128033 2248
128040 2249
128045 2250
128060 2251
128085 2252
128119 2253
128122 2254
128208 2255
128276 2256
128325 2257
128331 2258
128332 2259
128434 2260
128464 2261
128610 2262
128696 2263
128710 2264
128732 2265
128835 2266
128915 2267
129008 2268
129074 2269
129084 2270
129338 2271
129358 2272
129368 2273
129373 2274
129393 2275
129465 2276
129489 2277
129503 2278
129563 2279
129690 2280
129716 2281
129851 2282
129883 2283
129929 2284
130132 2285
130157 2286
130168 2287
130426 2288
130438 2289
130474 2290
130482 2291
130554 2292
130570 2293
130571 2294
130581 2295
130658 2296
130705 2297
130792 2298
130847 2299
130950 2300
131027 2301
131032 2302
131046 2303
131099 2304
131108 2305
131126 2306
131154 2307
131238 2308
131402 2309
131441 2310
131482 2311
131594 2312
131622 2313
131675 2314
131686 2315
131837 2316
131855 2317
131913 2318
132083 2319
132133 2320
132171 2321
132173 2322
132188 2323
132199 2324
132282 2325
132375 2326
132492 2327
132500 2328
132544 2329
132663 2330
132836 2331
132851 2332
132930 2333
133284 2334
133296 2335
133416 2336
133567 2337
133571 2338
133682 2339
133689 2340
133706 2341
133738 2342
133747 2343
133868 2344
133935 2345
134005 2346
134118 2347
134225 2348
134247 2349
134264 2350
134294 2351
134347 2352
134434 2353
134483 2354
134516 2355
134556 2356
134641 2357
134761 2358
134784 2359
134797 2360
134837 2361
134869 2362
134948 2363
135045 2364
135149 2365
135265 2366
135277 2367
135294 2368
135351 2369
135360 2370
135367 2371
135376 2372
135398 2373
135411 2374
135458 2375
135609 2376
135624 2377
135673 2378
135681 2379
135703 2380
135704 2381
135753 2382
135763 2383
135776 2384
135831 2385
135869 2386
135873 2387
135895 2388
135902 2389
135974 2390
135975 2391
136010 2392
136071 2393
136139 2394
136205 2395
136237 2396
136240 2397
136252 2398
136255 2399
136313 2400
136326 2401
136348 2402
136382 2403
136430 2404
136465 2405
136473 2406
136491 2407
136509 2408
136905 2409
136916 2410
137006 2411
137118 2412
137136 2413
137190 2414
137211 2415
137336 2416
137384 2417
137397 2418
137437 2419
137480 2420
137587 2421
137588 2422
137589 2423
137620 2424
137627 2425
137688 2426
137742 2427
137803 2428
137816 2429
138010 2430
138018 2431
138073 2432
138097 2433
138138 2434
138189 2435
138198 2436
138202 2437
138239 2438
138298 2439
138425 2440
138441 2441
138515 2442
138529 2443
138543 2444
138578 2445
138602 2446
138647 2447
138777 2448
138844 2449
138867 2450
138883 2451
138995 2452
139070 2453
139126 2454
139141 2455
139221 2456
139243 2457
139327 2458
139359 2459
139387 2460
139467 2461
139586 2462
139636 2463
139742 2464
139827 2465
139828 2466
139835 2467
139884 2468
139904 2469
139913 2470
140000 2471
140013 2472
140036 2473
140069 2474
140087 2475
140184 2476
140223 2477
140255 2478
140340 2479
140358 2480
140410 2481
140555 2482
140662 2483
140698 2484
140842 2485
140863 2486
140879 2487
140974 2488
141010 2489
141047 2490
141070 2491
141089 2492
141109 2493
141127 2494
141201 2495
141210 2496
141310 2497
141322 2498
141325 2499
141328 2500
141444 2501
141468 2502
141491 2503
141493 2504
141511 2505
141600 2506
141601 2507
141651 2508
141710 2509
141719 2510
141819 2511
141871 2512
141901 2513
141902 2514
141958 2515
142005 2516
142062 2517
142093 2518
142121 2519
142143 2520
142212 2521
142256 2522
142454 2523
142479 2524
142524 2525
142579 2526
142584 2527
142600 2528
142623 2529
142649 2530
142680 2531
142715 2532
142745 2533
142772 2534
142801 2535
142823 2536
142861 2537
143103 2538
143134 2539
143163 2540
143175 2541
143211 2542
143253 2543
143294 2544
143415 2545
143427 2546
143497 2547
143715 2548
143792 2549
143809 2550
143837 2551
143909 2552
143964 2553
143968 2554
144038 2555
144194 2556
144241 2557
144255 2558
144315 2559
144318 2560
144455 2561
144478 2562
144531 2563
144555 2564
144619 2565
144667 2566
144899 2567
144910 2568
144925 2569
144997 2570
145109 2571
145161 2572
145165 2573
145198 2574
145369 2575
145431 2576
145449 2577
145451 2578
145619 2579
145641 2580
145728 2581
145737 2582
146057 2583
146078 2584
146083 2585
146090 2586
146113 2587
146175 2588
146230 2589
146279 2590
146298 2591
146345 2592
146348 2593
146386 2594
146564 2595
146803 2596
146855 2597
146874 2598
146932 2599
147141 2600
147156 2601
147166 2602
147224 2603
147307 2604
147414 2605
147420 2606
147451 2607
147616 2608
147649 2609
147678 2610
147686 2611
147687 2612
147752 2613
147803 2614
147839 2615
147847 2616
147900 2617
147965 2618
148028 2619
148191 2620
148199 2621
148258 2622
148263 2623
148314 2624
148586 2625
148590 2626
148662 2627
148695 2628
148712 2629
148744 2630
148798 2631
148804 2632
148847 2633
148898 2634
148934 2635
148966 2636
149043 2637
149069 2638
149071 2639
149084 2640
149120 2641
149204 2642
149231 2643
149510 2644
149661 2645
149690 2646
149802 2647
149893 2648
149907 2649
149908 2650
149909 2651
149934 2652
150067 2653
150124 2654
150327 2655
150498 2656
150554 2657
150561 2658
150587 2659
150661 2660
150663 2661
150762 2662
150896 2663
150968 2664
150979 2665
151002 2666
151098 2667
151101 2668
151104 2669
151107 2670
151139 2671
151143 2672
151420 2673
151483 2674
151503 2675
151537 2676
151589 2677
151608 2678
151702 2679
151762 2680
151790 2681
151799 2682
151806 2683
151824 2684
151991 2685
152016 2686
152099 2687
152186 2688
152249 2689
152309 2690
152354 2691
152409 2692
152435 2693
152483 2694
152514 2695
152579 2696
152645 2697
152651 2698
152696 2699
152742 2700
152770 2701
152946 2702
153042 2703
153054 2704
153079 2705
153174 2706
153211 2707
153257 2708
153322 2709
153342 2710
153361 2711
153513 2712
153563 2713
153653 2714
153662 2715
153718 2716
153723 2717
153797 2718
153869 2719
153927 2720
153950 2721
154070 2722
154137 2723
154160 2724
154176 2725
154345 2726
154346 2727
154354 2728
154469 2729
154529 2730
154543 2731
154553 2732
154730 2733
154773 2734
154781 2735
154811 2736
154844 2737
154944 2738
154992 2739
155014 2740
155027 2741
155141 2742
155147 2743
155173 2744
155219 2745
155463 2746
155495 2747
155580 2748
155778 2749
155807 2750
155810 2751
155913 2752
155916 2753
156150 2754
156214 2755
156269 2756
156300 2757
156438 2758
156467 2759
156510 2760
156534 2761
156575 2762
156584 2763
156670 2764
156706 2765
156971 2766
156972 2767
157082 2768
157101 2769
157127 2770
157163 2771
157247 2772
157252 2773
157273 2774
157594 2775
157655 2776
157799 2777
157811 2778
158033 2779
158226 2780
158254 2781
158262 2782
158295 2783
158344 2784
158385 2785
158433 2786
158606 2787
158714 2788
158846 2789
158984 2790
159033 2791
159040 2792
159137 2793
159376 2794
159440 2795
159455 2796
159506 2797
159720 2798
159732 2799
159817 2800
159822 2801
159834 2802
159847 2803
159858 2804
159868 2805
159977 2806
160032 2807
160165 2808
160295 2809
160393 2810
160401 2811
160405 2812
160406 2813
160407 2814
160408 2815
160409 2816
160410 2817
160413 2818
160414 2819
160415 2820
160416 2821
160434 2822
160451 2823
160541 2824
160548 2825
160558 2826
160571 2827
160574 2828
160681 2829
160735 2830
160819 2831
161037 2832
161039 2833
161041 2834
161200 2835
161265 2836
161299 2837
161348 2838
161467 2839
161476 2840
161662 2841
161752 2842
161873 2843
161882 2844
161936 2845
161974 2846
161986 2847
162001 2848
162030 2849
162052 2850
162155 2851
162311 2852
162376 2853
162380 2854
162473 2855
162562 2856
162564 2857
162590 2858
162625 2859
162626 2860
162639 2861
162671 2862
162738 2863
162762 2864
162780 2865
162827 2866
162886 2867
162962 2868
163194 2869
163202 2870
163307 2871
163319 2872
163326 2873
163358 2874
163419 2875
163430 2876
163433 2877
163488 2878
163570 2879
163600 2880
163676 2881
163744 2882
163759 2883
163761 2884
163776 2885
163804 2886
163824 2887
163973 2888
164027 2889
164096 2890
164323 2891
164465 2892
164480 2893
164488 2894
164492 2895
164533 2896
164581 2897
164584 2898
164675 2899
164728 2900
164828 2901
164905 2902
164926 2903
164944 2904
164956 2905
165183 2906
165232 2907
165253 2908
165268 2909
165308 2910
165319 2911
165345 2912
165512 2913
165516 2914
165582 2915
165758 2916
165759 2917
165806 2918
165866 2919
165884 2920
165987 2921
166017 2922
166123 2923
166141 2924
166327 2925
166391 2926
166409 2927
166569 2928
166596 2929
166824 2930
166825 2931
166830 2932
166922 2933
167166 2934
167189 2935
167223 2936
167327 2937
167349 2938
167438 2939
167471 2940
167478 2941
167507 2942
167517 2943
167521 2944
167587 2945
167611 2946
167614 2947
167678 2948
167722 2949
167746 2950
167761 2951
167800 2952
167812 2953
168034 2954
168036 2955
168047 2956
168064 2957
168129 2958
168132 2959
168144 2960
168212 2961
168216 2962
168245 2963
168387 2964
168388 2965
168438 2966
168464 2967
168642 2968
168816 2969
168954 2970
168971 2971
168985 2972
169057 2973
169233 2974
169243 2975
169249 2976
169309 2977
169310 2978
169492 2979
169600 2980
169663 2981
169682 2982
169699 2983
169735 2984
169779 2985
169781 2986
169824 2987
170012 2988
170073 2989
170077 2990
170154 2991
170184 2992
170192 2993
170227 2994
170229 2995
170255 2996
170256 2997
170264 2998
170415 2999
170513 3000
170518 3001
170575 3002
170595 3003
170634 3004
170721 3005
170724 3006
170742 3007
170762 3008
170810 3009
170861 3010
170947 3011
170997 3012
171031 3013
171050 3014
171076 3015
171078 3016
171118 3017
171165 3018
171251 3019
171295 3020
171445 3021
171602 3022
171638 3023
171758 3024
171765 3025
171783 3026
171818 3027
171846 3028
171904 3029
171968 3030
171970 3031
171986 3032
172030 3033
172061 3034
172091 3035
172203 3036
172326 3037
172374 3038
172512 3039
172539 3040
172676 3041
172700 3042
172742 3043
172760 3044
172852 3045
172888 3046
173018 3047
173109 3048
173122 3049
173131 3050
173291 3051
173343 3052
173415 3053
173481 3054
173486 3055
173517 3056
173632 3057
173650 3058
173679 3059
173684 3060
173773 3061
173835 3062
173860 3063
173879 3064
173881 3065
173951 3066
173999 3067
174062 3068
174092 3069
174131 3070
174140 3071
174151 3072
174179 3073
174216 3074
174304 3075
174326 3076
174428 3077
174509 3078
174596 3079
174615 3080
174625 3081
174633 3082
174683 3083
174700 3084
174726 3085
174791 3086
174830 3087
174848 3088
174892 3089
174914 3090
174916 3091
175003 3092
175052 3093
175070 3094
175100 3095
175101 3096
175117 3097
175205 3098
175223 3099
175271 3100
175278 3101
175287 3102
175329 3103
175485 3104
175493 3105
175510 3106
175529 3107
175536 3108
175559 3109
175636 3110
175886 3111
175978 3112
176062 3113
176214 3114
176230 3115
176256 3116
176348 3117
176459 3118
176481 3119
176667 3120
176875 3121
176887 3122
176902 3123
176903 3124
177040 3125
177072 3126
177073 3127
177090 3128
177091 3129
177113 3130
177180 3131
177186 3132
177233 3133
177277 3134
177284 3135
177373 3136
177374 3137
177375 3138
177432 3139
177458 3140
177569 3141
177590 3142
177660 3143
177683 3144
177688 3145
177690 3146
178035 3147
178056 3148
178079 3149
178093 3150
178130 3151
178151 3152
178181 3153
178199 3154
178201 3155
178223 3156
178240 3157
178322 3158
178522 3159
178597 3160
178667 3161
178797 3162
178914 3163
178920 3164
178950 3165
179019 3166
179068 3167
179075 3168
179118 3169
179288 3170
179327 3171
179433 3172
179501 3173
179718 3174
179730 3175
179733 3176
179734 3177
179739 3178
179741 3179
179744 3180
179772 3181
179791 3182
179826 3183
179843 3184
179939 3185
179978 3186
180032 3187
180042 3188
180348 3189
180378 3190
180495 3191
180586 3192
180591 3193
180651 3194
180801 3195
180840 3196
180860 3197
180917 3198
180942 3199
180957 3200
181076 3201
181077 3202
181165 3203
181176 3204
181212 3205
181223 3206
181254 3207
181687 3208
181691 3209
181714 3210
181944 3211
181948 3212
181956 3213
181995 3214
182053 3215
182085 3216
182086 3217
182164 3218
182202 3219
182334 3220
182393 3221
182403 3222
182414 3223
182442 3224
182459 3225
182506 3226
182527 3227
182746 3228
182838 3229
182847 3230
182969 3231
182987 3232
182993 3233
183046 3234
183061 3235
183088 3236
183101 3237
183187 3238
183196 3239
183284 3240
183287 3241
183340 3242
183347 3243
183476 3244
183532 3245
183537 3246
183540 3247
183753 3248
183883 3249
183923 3250
183963 3251
183995 3252
184196 3253
184265 3254
184279 3255
184299 3256
184365 3257
184401 3258
184424 3259
184465 3260
184483 3261
184513 3262
184532 3263
184629 3264
184632 3265
184661 3266
184871 3267
184891 3268
184904 3269
184985 3270
185147 3271
185176 3272
185233 3273
185254 3274
185275 3275
185296 3276
185308 3277
185384 3278
185514 3279
185634 3280
185677 3281
185722 3282
185771 3283
186039 3284
186238 3285
186527 3286
186547 3287
186570 3288
186623 3289
186762 3290
186807 3291
186837 3292
186899 3293
187029 3294
187065 3295
187145 3296
187170 3297
187239 3298
187256 3299
187266 3300
187333 3301
187410 3302
187425 3303
187517 3304
187520 3305
187574 3306
187598 3307
187606 3308
187613 3309
187624 3310
187747 3311
187762 3312
187801 3313
187822 3314
187863 3315
187904 3316
187981 3317
188010 3318
188022 3319
188027 3320
188171 3321
188273 3322
188369 3323
188379 3324
188484 3325
188490 3326
188513 3327
188583 3328
188589 3329
188598 3330
188658 3331
188659 3332
188676 3333
188696 3334
188796 3335
188951 3336
189080 3337
189115 3338
189139 3339
189151 3340
189320 3341
189334 3342
189392 3343
189516 3344
189558 3345
189666 3346
189678 3347
189835 3348
189855 3349
189973 3350
190185 3351
190347 3352
190374 3353
190459 3354
190533 3355
190708 3356
190741 3357
190807 3358
190831 3359
190844 3360
190885 3361
190923 3362
190925 3363
190939 3364
191187 3365
191188 3366
191523 3367
191548 3368
191560 3369
191575 3370
191610 3371
191707 3372
191716 3373
191720 3374
191803 3375
191865 3376
191883 3377
192093 3378
192101 3379
192119 3380
192176 3381
192211 3382
192245 3383
192353 3384
192428 3385
192462 3386
192710 3387
193156 3388
193337 3389
193350 3390
193458 3391
193469 3392
193499 3393
193529 3394
193560 3395
193676 3396
193738 3397
193750 3398
193759 3399
193778 3400
193798 3401
193898 3402
194172 3403
194287 3404
194463 3405
194514 3406
194519 3407
194600 3408
194605 3409
194614 3410
194636 3411
194646 3412
194669 3413
194676 3414
194803 3415
194957 3416
195049 3417
195079 3418
195116 3419
195247 3420
195374 3421
195386 3422
195469 3423
195572 3424
195694 3425
195714 3426
195716 3427
195904 3428
196018 3429
196031 3430
196047 3431
196052 3432
196053 3433
196077 3434
196106 3435
196108 3436
196113 3437
196137 3438
196146 3439
196148 3440
196160 3441
196191 3442
196228 3443
196253 3444
196282 3445
196457 3446
196466 3447
196493 3448
196502 3449
196656 3450
196738 3451
196775 3452
196930 3453
196985 3454
197206 3455
197293 3456
197364 3457
197410 3458
197502 3459
197550 3460
197609 3461
197659 3462
197687 3463
197763 3464
197775 3465
197828 3466
197866 3467
197882 3468
198011 3469
198012 3470
198046 3471
198213 3472
198412 3473
198483 3474
198506 3475
198515 3476
198547 3477
198621 3478
198625 3479
198692 3480
198699 3481
198711 3482
198726 3483
198930 3484
198982 3485
199025 3486
199041 3487
199092 3488
199178 3489
199209 3490
199378 3491
199416 3492
199431 3493
199515 3494
199640 3495
199772 3496
199857 3497
199871 3498
200226 3499
200245 3500
200248 3501
200409 3502
200422 3503
200557 3504
200585 3505
200643 3506
200674 3507
200814 3508
200978 3509
200993 3510
201017 3511
201042 3512
201058 3513
201141 3514
201290 3515
201353 3516
201447 3517
201526 3518
201548 3519
201641 3520
201674 3521
201677 3522
201684 3523
201697 3524
201760 3525
201768 3526
201776 3527
201783 3528
201898 3529
201923 3530
201969 3531
202058 3532
202127 3533
202173 3534
202182 3535
202277 3536
202358 3537
202381 3538
202462 3539
202564 3540
202711 3541
202834 3542
202885 3543
202919 3544
203017 3545
203044 3546
203058 3547
203075 3548
203240 3549
203280 3550
203380 3551
203401 3552
203502 3553
203506 3554
203603 3555
203621 3556
203649 3557
203764 3558
203799 3559
203844 3560
203900 3561
203910 3562
203968 3563
204167 3564
204179 3565
204205 3566
204359 3567
204393 3568
204457 3569
204474 3570
204522 3571
204571 3572
204591 3573
204622 3574
204696 3575
204813 3576
204864 3577
204936 3578
204946 3579
204964 3580
205072 3581
205145 3582
205166 3583
205197 3584
205383 3585
205473 3586
205487 3587
205508 3588
205517 3589
205554 3590
205735 3591
205745 3592
205765 3593
205843 3594
205849 3595
205919 3596
205943 3597
205963 3598
205967 3599
205969 3600
205980 3601
206016 3602
206074 3603
206109 3604
206202 3605
206219 3606
206249 3607
206305 3608
206393 3609
206423 3610
206438 3611
206534 3612
206563 3613
206567 3614
206573 3615
206695 3616
206865 3617
206891 3618
206932 3619
206944 3620
206959 3621
206979 3622
207148 3623
207246 3624
207259 3625
207291 3626
207339 3627
207341 3628
207349 3629
207450 3630
207494 3631
207499 3632
207563 3633
207616 3634
207623 3635
207721 3636
207727 3637
207782 3638
207825 3639
207835 3640
207924 3641
207965 3642
207971 3643
208019 3644
208058 3645
208095 3646
208112 3647
208141 3648
208147 3649
208382 3650
208406 3651
208410 3652
208415 3653
208555 3654
208568 3655
208605 3656
208622 3657
208665 3658
208668 3659
208671 3660
208815 3661
208829 3662
208897 3663
208907 3664
209059 3665
209156 3666
209160 3667
209163 3668
209174 3669
209220 3670
209229 3671
209238 3672
209373 3673
209464 3674
209477 3675
209486 3676
209516 3677
209536 3678
209563 3679
209631 3680
209756 3681
209817 3682
209870 3683
209875 3684
209974 3685
209985 3686
210035 3687
210317 3688
210485 3689
210573 3690
210587 3691
210597 3692
210599 3693
210685 3694
210717 3695
210738 3696
210792 3697
210822 3698
210874 3699
210923 3700
210959 3701
211137 3702
211152 3703
211231 3704
211288 3705
211303 3706
211344 3707
211351 3708
211426 3709
211430 3710
211460 3711
211610 3712
211770 3713
211847 3714
211919 3715
211961 3716
212088 3717
212142 3718
212181 3719
212216 3720
212260 3721
212328 3722
212385 3723
212467 3724
212628 3725
212645 3726
212797 3727
212806 3728
212835 3729
212859 3730
212898 3731
212923 3732
212965 3733
212983 3734
212986 3735
213066 3736
213119 3737
213126 3738
213150 3739
213197 3740
213207 3741
213255 3742
213312 3743
213316 3744
213350 3745
213410 3746
213523 3747
213531 3748
213628 3749
213638 3750
213641 3751
213661 3752
213708 3753
213760 3754
213915 3755
213919 3756
214102 3757
214138 3758
214244 3759
214272 3760
214315 3761
214436 3762
214528 3763
214583 3764
214651 3765
214717 3766
214786 3767
214879 3768
214920 3769
215006 3770
215071 3771
215136 3772
215225 3773
215278 3774
215388 3775
215745 3776
215829 3777
215942 3778
215947 3779
215986 3780
215988 3781
216012 3782
216027 3783
216099 3784
216100 3785
216386 3786
216444 3787
216466 3788
216557 3789
216670 3790
216683 3791
216724 3792
216745 3793
216829 3794
216882 3795
216962 3796
217056 3797
217089 3798
217106 3799
217107 3800
217121 3801
217173 3802
217262 3803
217271 3804
217318 3805
217375 3806
217468 3807
217740 3808
217811 3809
217895 3810
217986 3811
218068 3812
218121 3813
218197 3814
218221 3815
218241 3816
218344 3817
218411 3818
218552 3819
218568 3820
218569 3821
218608 3822
218640 3823
218875 3824
218936 3825
218976 3826
219008 3827
219209 3828
219254 3829
219259 3830
219301 3831
219321 3832
219420 3833
219482 3834
219546 3835
219593 3836
219683 3837
219924 3838
219951 3839
220091 3840
220095 3841
220122 3842
220158 3843
220240 3844
220278 3845
220307 3846
220326 3847
220399 3848
220564 3849
220597 3850
220626 3851
220664 3852
220688 3853
220867 3854
220911 3855
221103 3856
221327 3857
221445 3858
221510 3859
221655 3860
221687 3861
221705 3862
221732 3863
221753 3864
221777 3865
221870 3866
221871 3867
221946 3868
221948 3869
222035 3870
222050 3871
222152 3872
222204 3873
222220 3874
222296 3875
222353 3876
222488 3877
222563 3878
222614 3879
222642 3880
222688 3881
222716 3882
222912 3883
222941 3884
223066 3885
223087 3886
223143 3887
223154 3888
223156 3889
223174 3890
223190 3891
223201 3892
223210 3893
223211 3894
223231 3895
223253 3896
223386 3897
223402 3898
223431 3899
223438 3900
223501 3901
223530 3902
223566 3903
223644 3904
223787 3905
223814 3906
223816 3907
223879 3908
223892 3909
224105 3910
224115 3911
224138 3912
224146 3913
224159 3914
224236 3915
224249 3916
224303 3917
224340 3918
224349 3919
224430 3920
224435 3921
224525 3922
224646 3923
224764 3924
224768 3925
224809 3926
224904 3927
224923 3928
224927 3929
224997 3930
225066 3931
225078 3932
225087 3933
225186 3934
225199 3935
225232 3936
225379 3937
225411 3938
225449 3939
225595 3940
225610 3941
225617 3942
225686 3943
225687 3944
225731 3945
225763 3946
225810 3947
225886 3948
225887 3949
225910 3950
225938 3951
225986 3952
225989 3953
225996 3954
226003 3955
226006 3956
226007 3957
226031 3958
226069 3959
226205 3960
226341 3961
226393 3962
226394 3963
226482 3964
226545 3965
226553 3966
226616 3967
226702 3968
226745 3969
226772 3970
226879 3971
226965 3972
227025 3973
227072 3974
227097 3975
227176 3976
227192 3977
227250 3978
227276 3979
227397 3980
227447 3981
227520 3982
227702 3983
227705 3984
227814 3985
227836 3986
227859 3987
227884 3988
228021 3989
228311 3990
228579 3991
228681 3992
228727 3993
228764 3994
228789 3995
228868 3996
228998 3997
229011 3998
229313 3999
229329 4000
229331 4001
229334 4002
229409 4003
229502 4004
229551 4005
229632 4006
229681 4007
229703 4008
229741 4009
229742 4010
229768 4011
230013 4012
230030 4013
230115 4014
230249 4015
230293 4016
230374 4017
230427 4018
230459 4019
230496 4020
230522 4021
230699 4022
230708 4023
230997 4024
231132 4025
231210 4026
231237 4027
231255 4028
231263 4029
231264 4030
231299 4031
231337 4032
231340 4033
231351 4034
231354 4035
231374 4036
231393 4037
231827 4038
231857 4039
231891 4040
231993 4041
232036 4042
232052 4043
232066 4044
232106 4045
232131 4046
232171 4047
232211 4048
232271 4049
232449 4050
232579 4051
232704 4052
232838 4053
232945 4054
232959 4055
232964 4056
232990 4057
233041 4058
233256 4059
233392 4060
233430 4061
233445 4062
233526 4063
233529 4064
233543 4065
233578 4066
233711 4067
233853 4068
233856 4069
233889 4070
233903 4071
233911 4072
233917 4073
233928 4074
233976 4075
234023 4076
234108 4077
234165 4078
234205 4079
234281 4080
234288 4081
234359 4082
234399 4083
234401 4084
234406 4085
234565 4086
234597 4087
234614 4088
234623 4089
234675 4090
234683 4091
234721 4092
234765 4093
234828 4094
234925 4095
234948 4096
234954 4097
235105 4098
235117 4099
235146 4100
235221 4101
235282 4102
235384 4103
235392 4104
235429 4105
235498 4106
235506 4107
235543 4108
235684 4109
235842 4110
235895 4111
235935 4112
235952 4113
236032 4114
236058 4115
236097 4116
236164 4117
236172 4118
236267 4119
236269 4120
236283 4121
236322 4122
236340 4123
236399 4124
236480 4125
236594 4126
236621 4127
236655 4128
236727 4129
236757 4130
236855 4131
236948 4132
236955 4133
236959 4134
237064 4135
237175 4136
237264 4137
237271 4138
237299 4139
237411 4140
237433 4141
237474 4142
237477 4143
237486 4144
237534 4145
237646 4146
237748 4147
237856 4148
237898 4149
237900 4150
237990 4151
238008 4152
238010 4153
238057 4154
238065 4155
238120 4156
238179 4157
238186 4158
238222 4159
238350 4160
238419 4161
238461 4162
238475 4163
238526 4164
238540 4165
238541 4166
238545 4167
238557 4168
238607 4169
238613 4170
238630 4171
238639 4172
238699 4173
238779 4174
238781 4175
238849 4176
238864 4177
238889 4178
238961 4179
239020 4180
239063 4181
239423 4182
239449 4183
239468 4184
239486 4185
239488 4186
239535 4187
239554 4188
239584 4189
239594 4190
239626 4191
239630 4192
239688 4193
239736 4194
239761 4195
240035 4196
240051 4197
240113 4198
240131 4199
240144 4200
240219 4201
240224 4202
240225 4203
240258 4204
240267 4205
240333 4206
240370 4207
240401 4208
240403 4209
240567 4210
240568 4211
240643 4212
240700 4213
240710 4214
240756 4215
240789 4216
240829 4217
240897 4218
240906 4219
241042 4220
241086 4221
241198 4222
241204 4223
241214 4224
241239 4225
241305 4226
241306 4227
241357 4228
241367 4229
241432 4230
241548 4231
241565 4232
241614 4233
241666 4234
241749 4235
241791 4236
241802 4237
241980 4238
241992 4239
242006 4240
242073 4241
242083 4242
242106 4243
242118 4244
242143 4245
242247 4246
242248 4247
242299 4248
242309 4249
242361 4250
242409 4251
242445 4252
242458 4253
242465 4254
242485 4255
242499 4256
242528 4257
242639 4258
242640 4259
242646 4260
242708 4261
242824 4262
242849 4263
242914 4264
242962 4265
242999 4266
243058 4267
243065 4268
243075 4269
243077 4270
243142 4271
243213 4272
243236 4273
243294 4274
243312 4275
243328 4276
243360 4277
243585 4278
243651 4279
243700 4280
243720 4281
243745 4282
243759 4283
243785 4284
243876 4285
243879 4286
243891 4287
243929 4288
243930 4289
243942 4290
243951 4291
243964 4292
243966 4293
244070 4294
244139 4295
244171 4296
244189 4297
244277 4298
244286 4299
244349 4300
244420 4301
244484 4302
244593 4303
244627 4304
244657 4305
244662 4306
244685 4307
244688 4308
244708 4309
244710 4310
244736 4311
244742 4312
244814 4313
244873 4314
244994 4315
244995 4316
245088 4317
245157 4318
245188 4319
245257 4320
245295 4321
245312 4322
245371 4323
245410 4324
245534 4325
245568 4326
245645 4327
245649 4328
245650 4329
245703 4330
245827 4331
245839 4332
245864 4333
245963 4334
246000 4335
246156 4336
246247 4337
246311 4338
246437 4339
246470 4340
246507 4341
246512 4342
246513 4343
246528 4344
246617 4345
246634 4346
246655 4347
246671 4348
246678 4349
246759 4350
246776 4351
246798 4352
246959 4353
247010 4354
247055 4355
247060 4356
247129 4357
247201 4358
247240 4359
247241 4360
247423 4361
247429 4362
247447 4363
247751 4364
247752 4365
247840 4366
247852 4367
247958 4368
248003 4369
248098 4370
248138 4371
248221 4372
248259 4373
248464 4374
248468 4375
248477 4376
248496 4377
248531 4378
248540 4379
248547 4380
248613 4381
248615 4382
248656 4383
248718 4384
248805 4385
248850 4386
249058 4387
249096 4388
249111 4389
249140 4390
249146 4391
249223 4392
249407 4393
249480 4394
249628 4395
249695 4396
249723 4397
249732 4398
249736 4399
249791 4400
249862 4401
249894 4402
249924 4403
249953 4404
249958 4405
249989 4406
250015 4407
250101 4408
250105 4409
250184 4410
250300 4411
250330 4412
250359 4413
250367 4414
250368 4415
250383 4416
250398 4417
250405 4418
250510 4419
250645 4420
250683 4421
250709 4422
250750 4423
250764 4424
250925 4425
250936 4426
250962 4427
251003 4428
251050 4429
251097 4430
251122 4431
251140 4432
251164 4433
251242 4434
251325 4435
251327 4436
251339 4437
251394 4438
251422 4439
251467 4440
251495 4441
251606 4442
251613 4443
251642 4444
251721 4445
251739 4446
251843 4447
251844 4448
252007 4449
252071 4450
252126 4451
252222 4452
252287 4453
252292 4454
252347 4455
252510 4456
252601 4457
252642 4458
252654 4459
252695 4460
252820 4461
252827 4462
252843 4463
252846 4464
252848 4465
252865 4466
253005 4467
253106 4468
253226 4469
253228 4470
253482 4471
253556 4472
253563 4473
253580 4474
253602 4475
253629 4476
253771 4477
253821 4478
253852 4479
253855 4480
253867 4481
253871 4482
253949 4483
254053 4484
254064 4485
254144 4486
254160 4487
254201 4488
254206 4489
254241 4490
254299 4491
254355 4492
254377 4493
254405 4494
254465 4495
254467 4496
254481 4497
254502 4498
254543 4499
254676 4500
254690 4501
254754 4502
254822 4503
254899 4504
254971 4505
255078 4506
255092 4507
255218 4508
255489 4509
255493 4510
255544 4511
255546 4512
255618 4513
255648 4514
255655 4515
255719 4516
255814 4517
255846 4518
255979 4519
256023 4520
256072 4521
256167 4522
256247 4523
256251 4524
256402 4525
256407 4526
256507 4527
256603 4528
256843 4529
256844 4530
257024 4531
257028 4532
257161 4533
257198 4534
257204 4535
257327 4536
257450 4537
257492 4538
257493 4539
257495 4540
257548 4541
257699 4542
257700 4543
257962 4544
258011 4545
258084 4546
258109 4547
258151 4548
258152 4549
258160 4550
258185 4551
258240 4552
258270 4553
258329 4554
258352 4555
258482 4556
258534 4557
258553 4558
258690 4559
258884 4560
258913 4561
258938 4562
259004 4563
259006 4564
259028 4565
259035 4566
259057 4567
259064 4568
259078 4569
259114 4570
259118 4571
259155 4572
259234 4573
259249 4574
259259 4575
259260 4576
259264 4577
259320 4578
259378 4579
259380 4580
259400 4581
259430 4582
259542 4583
259625 4584
259626 4585
259629 4586
259660 4587
259829 4588
259901 4589
259930 4590
260067 4591
260183 4592
260316 4593
260388 4594
260447 4595
260655 4596
260662 4597
260699 4598
260771 4599
260897 4600
260944 4601
260959 4602
261037 4603
261105 4604
261291 4605
261327 4606
261567 4607
261603 4608
261685 4609
261829 4610
261862 4611
261973 4612
261998 4613
262040 4614
262051 4615
262070 4616
262310 4617
262311 4618
262391 4619
262399 4620
262407 4621
262459 4622
262541 4623
262902 4624
262940 4625
262974 4626
262998 4627
263107 4628
263163 4629
263323 4630
263325 4631
263326 4632
263344 4633
263383 4634
263393 4635
263413 4636
263460 4637
263537 4638
263601 4639
263645 4640
263733 4641
263877 4642
264031 4643
264082 4644
264085 4645
264152 4646
264191 4647
264284 4648
264300 4649
264311 4650
264317 4651
264321 4652
264355 4653
264525 4654
264543 4655
264634 4656
264637 4657
264657 4658
264828 4659
264862 4660
264947 4661
264996 4662
265083 4663
265115 4664
265205 4665
265281 4666
265313 4667
265383 4668
265403 4669
265487 4670
265553 4671
265591 4672
265595 4673
265607 4674
265626 4675
265656 4676
265751 4677
265784 4678
265827 4679
265834 4680
265889 4681
265918 4682
266056 4683
266164 4684
266226 4685
266229 4686
266268 4687
266283 4688
266355 4689
266466 4690
266478 4691
266522 4692
266650 4693
266753 4694
266807 4695
266840 4696
266842 4697
266865 4698
266866 4699
266892 4700
267033 4701
267061 4702
267180 4703
267249 4704
267282 4705
267326 4706
267356 4707
267409 4708
267453 4709
267510 4710
267538 4711
267635 4712
267644 4713
267738 4714
267788 4715
267830 4716
268026 4717
268030 4718
268032 4719
268110 4720
268171 4721
268262 4722
268300 4723
268330 4724
268540 4725
268544 4726
268579 4727
268589 4728
268622 4729
268639 4730
268657 4731
268691 4732
268711 4733
268751 4734
268833 4735
268932 4736
269157 4737
269244 4738
269273 4739
269321 4740
269386 4741
269397 4742
269439 4743
269557 4744
269566 4745
269719 4746
269728 4747
269738 4748
269759 4749
269799 4750
269835 4751
269841 4752
269890 4753
269988 4754
270156 4755
270256 4756
270264 4757
270326 4758
270352 4759
270554 4760
270605 4761
270713 4762
270715 4763
270737 4764
270801 4765
270820 4766
270828 4767
270829 4768
270838 4769
270897 4770
270906 4771
271144 4772
271176 4773
271195 4774
271245 4775
271284 4776
271306 4777
271375 4778
271398 4779
271448 4780
271460 4781
271516 4782
271531 4783
271538 4784
271558 4785
271622 4786
271674 4787
271705 4788
272077 4789
272120 4790
272225 4791
272233 4792
272273 4793
272395 4794
272407 4795
272423 4796
272573 4797
272626 4798
272640 4799
272715 4800
272980 4801
272988 4802
273038 4803
273071 4804
273086 4805
273110 4806
273113 4807
273140 4808
273190 4809
273197 4810
273252 4811
273307 4812
273344 4813
273376 4814
273440 4815
273465 4816
273507 4817
273718 4818
273805 4819
273813 4820
273906 4821
273976 4822
273979 4823
273993 4824
274004 4825
274056 4826
274061 4827
274111 4828
274199 4829
274301 4830
274308 4831
274325 4832
274393 4833
274423 4834
274466 4835
274549 4836
274609 4837
274618 4838
274634 4839
274656 4840
274772 4841
274803 4842
274808 4843
274983 4844
275020 4845
275111 4846
275154 4847
275175 4848
275210 4849
275274 4850
275276 4851
275281 4852
275305 4853
275306 4854
275401 4855
275573 4856
275638 4857
275673 4858
275677 4859
275922 4860
275970 4861
276017 4862
276018 4863
276050 4864
276165 4865
276231 4866
276307 4867
276463 4868
276641 4869
276670 4870
276680 4871
276688 4872
