862 333 763 683 403 846 852 729 202 834 509 120 36 197 962
270 334 710 395 810 852 202 52 497 834 101 79 300 268 36 44 962 695 354 221 509
373 814
814 391 586 338 341 52 221 354 139 509 962 36 79 792
792 695 834 202 497 832 341 185 192 323 52 156 814 79 221 962 509 36
221 318 538 280 288 609 416 898 940 595 561 202 413 1022 415 177 986 57 99 720 516 854 774 610 290 242 493 505 558 782 681 564 475 393 773 391 354 439 601 814 852
240 564 532 757 533 695 776 391 444 567 817 850 313 814 78 797 923 403 497 852 706 509 586 810 79 44
363 493 354 290 763 757 333 177 415 519 361 395
444 773 593 780 288 520 914 57 363 778 532 439 854 746 898 279 564 458 516 681 361 308 531 763 475 290 423 313
509 460 564 763 270 724 107 334 423 439 403 176 834 443 391 365 729 852 641 83 202 962
179 36 695 25 26 153 101 919 509 1028 178 304 70
634 778 465 874 497 509
740 313 586 729 443 509 44 221
443 601 434 338 381 759 695 892 729 391 403 817 339 740 497 79 44 852 509
716 951 593 516 778 603 599 329 609 288 401 280 530 590 553 767 780 279 531 317 33 676 313
852 499 576 854 986 515 763 334 641 45 810 202 695 759 357 365 586 849 121 846 443 817 862 729 355 962 221 509
342 579 516 720 290
641 199 962 107 539 160 724 391 338 586 850 403 443 923 434 706 852 354 497 202 509 221
497 493 176 338 354 443 391 193 846 52 44 834 509 641 362 221 192 202 156 817
213 439 576 413 280 288 505 720 520 721 564 949 885 767 763 533 540 317 460 458 653 775 308 676 333 371 361 834 852 497 52 287
417 493 177 379 647 371 776 403 45 221 509 1022 910 475 354 107 773
52 213 849 814 192 202
892 365 817 270 443 353 391 44 156 335
339 310 593 536 49 595 134 493 371 434 757 755 354
601 773 519 361 991 888 775 538 371 923 834 567 391 221 409 899 759 434 302
557 588 706 846 365 509
729 768 475 567 439 586 381 338 45 365 221 391 862 852 509 202
365 814 810 338 509 892 852 391 695 221 729 354
403 885 854 767 361 363 288 683 588 778 898 177 57 493 682 458 950 416 643 695 555 852 402 834 641 202 221 391 759 353
391 610 898 371 683 767 361 564 310 773 333 57 308 458 402 393 290 475 416 940 601 814 403 221 852 202 497
290 1022 280 683 662 242 518 34 885 402 672 914 393 516 413 558 363 57 757 99 610 940 539 308 538 763 1003 773 176 391 199 416 768 444 313
439 598 683 333 532 444 757 279 586 773 763 416 49 423 509 443 983 850 814
940 576 439 774 516 539 493 78 354 391 555 899 409 221 894 586 302 561 45
313 582 371 538 99 515 767 177 416 768 683 1001 92 874 32 334 890 475 290 444 423 834 18 389 409 54 586 962 45
718 34 652 729 475 402 634
49 339 401 558 317 434 755 910 439 241 302 926 858 706 797
345 402 176 586 923 434 338 637 381 641 202 639 797 45 867 268 353
585 603 612 780 516 738 416 509
434 594 592 33 587 582 605 612 608 499 530 593 601 588 898 280 413 854 576 610 780 609 595 566 288 416 339 767 778 516 57 147 22 552 473 177 515 363 148 403 763 755 538 242 439 598 564 361 391 888 683 1022 773
631 885 177 475 532 540 533 317
785 594 999 499 515 898 423 602 310 1000 339 917 780 147 612 522 472 593 22 536 778 570 755 34 588 609 402
755 570 588 371 538 221 767 516 177 564 898 427 160 724 910 475 49 416 444 334 339 874 439 765 643 621 768
393 413 290 530 475 57 493 746 221 391 456 395 323 314 202 354 817
484 738 416 773
776 564 763 515 539 768 32 45 475 334 621 342 647 465 444 975 405 302
696 221 391 586 610 520 776 797 313 434 706
683 785 499 999 780 729 552 361 279 776 532 664 539 493 221 551 558 519 602 515 862 333 763 718 416 475 639 241
910 610 564 371 738 899 753 957 334 290 757 444 49 434 776 768 567
531 57 493 279 540 729 681 439 519 317 475 763 773 333 458 499 784 1003 391 757 444 950 957 199 416
275 982 427
874 353 160 755 448 890 643 391 1031 757 765 334 416 427 342 894 313 932 706 695 434 241
932 418 176 983 874
914 361 515 780 917 593 499 351 1022 763 451 612 781 683 290 147 558 391 520 99 609 598 566 898 610 57 561 444 22 339 33 413 778 587 363 729 403 434
176 561 57 610 493 753 333 950 497 274 431 1031 92 200 290 415 875 283 391 334 31 531 879 982 868 402 586 555 639 241 403 406 202 894 54 345 384 18 365 302 794 381 393 683 263 730 434 395 509
310 780 734 605 587 951 593 413 277 778 57 552 423 917 898 591 1000 536 34 280 767 610 564 1022 773
18 778 724 391 807 886 768 32 334 427 465 868 354 423 395 313 443 176 45
199 564 767 177 807 1022 515 334 531 391 910 776 290 621 647 395 810
375 176 434 659 773 403
401 767 49 290 757 444 333 557 22 610 558 493 755 553 671 516 361 564 595 147 590 765 288 532 846 914 612 475 716 780 585 520 439 898 778 221 530 515 313
879 176
378 742 263 601 391 729 344 54 586 456 409 940 402 206 302 45 641 561 396 313
561 391 313 263 940
423 780 612 785 310 402 536 288 917 951 34 361 685 916 552 585 767 162 683 898 595 564 339 598 561 854 147 177 415 32 439 509 241 18 313 444 214
929 784 29 475 402 200 221 509
402 602 734 57 493 662 515 989 409 807 54 391
409 712 940 509 263 456 601 396 378 881 302 785 18 221 834 402 439 313
147 515 522 950 528 202 148 310 583 416 505 475 643 439 1022 776 909 960 1000 221 610 563 535 774 308 371 520 21 683 413 566 473 507 720 53 516 986 177 564 773 519 940 57 532 22 493 99 778 558 898 767
162 351 557 898 423 780 1000 439 49 767 516 413 493 475 540 570 533 773
567 885 949 680 601 302 729
535 34 23 493 479 342 516 664 683 214 834
646 214
465 940 450 681 595 588 493 354 303 551 683 777 371 434 561 884 407 441 621 427 18 334 648 776 757
91 567 940 434 214
112 510 391
475 854 516 586 520 162 782 519 361 807 784 331 763 671 515 427 755 914 434 724 868 729 199 718 936 776 710 313 391 621 639 765 239 757 768 416 444 683
1022 598 290 413 914 34 310 767 780 351 423 339 612 515 443 277 784 434 854 221 681 520 22 458 33 587 371 444 773
251 189 834 962 221 10 509 808 1028 792
1031 434 738 773 505 342 402 874 647 936 643 391 427 757 176 834 439
757 587 773 458 564 558 333 493 279 888 807 738 717 334 874 1031 29 866 199 910 768 475 890 648 465 313 290
643 671 353 695 647 914 293 339 810 899 160 241 393 755 852 753 334 1031 342 768 444 980
458 720 757 499 540 145 279 1022 308 310 213 391 460 1003 763 474 290 784 531 775 986 538 519 987 403 950 587
587 609 612 202 898 778 595 986 720 333 767 774 1000 1022 317 33 308 458
768 729 950 233 737 834 427 724 18 776 32 880 416 643 640 334 894 852 290 757 475 214 910 402 391 92 444 940
428 32
499 854 515 852 605 34 339 558 423 785 683 685 782 413 391 681 536 951 147 916 162 310 333 582 612 363 778 780 898 603 763 1000 57 610 767 729 288 458 290 773 755
416 221 57 564 773 279 493 495 177 460 784 807 676 83 598 738 403 950 439 765 434 32 768 880 290 621 334 868 874 475 391
99 767 290 532 493 475 610 177 564 371 742 132 367 349 491 994 313
331 532 773 531 897 334 160 737 515 564 475 776 763 950 683 834 176 161 444 445 757 391 396
681 558 904 423 363 593 913 536 499 780 57 854 566 720 333 532 763 775 986 898 564 1022 520 516 721 957 350 413 519 34 757 610 444 221 531 308 888 683
598 552 612 467 423 288 767 595 914 780 439 473 520 609 778 580 491 132 888 444 177 334 621 773 1022 443 683 402 221 950 363 416 393 564 434
148 552 458 147 519 475 22 177 610 371 986 888 361 688 773 784 434 884 391
588 585 951 785 682 612 147 780 685 561 916 434 403 34 755 592 598 757 288 576 553 898 465 1000 532 22 763 767 379 354 162 202 852 339 290 516 467 774 564 558 773 515 519
576 913 612 413 147 593 992 917 951 940 280 561 898 852 610 444 685 221 780 434 564 288 986 767
489 957 290 335 538 683 475 757 743 564 494 807 763 775
765 780 280 595 757 401 610 416 657 724 874 880 28 475
31 1022 416 715 176 334
946 313 402 957 391
30 913 552 602 541 884 402 564
564 416 505 595 898 516 774 532 221 683 444 493 279 558 681 473 354 1005 566 333 986 310 755 885 538 371 533 458 475 307 773 763 989 757 515 768
602 776 311 30 561 317
515 280 681 913 914 558 591 729 582 898 361 852 780 439 288 530 434 147 363 458 354 313 279 493 1003 950 768 391 402 773 444 233 221 763 757 199 641 776 564 475 683
778 33 755 310 598 785 582 522 780 716 162 34 585 552 558 587 612 916 529 566 342 474 479 288 767 434 595 444 57 854 914 609 147 898 579 516 986 570 413 532 1000
538 53 290 601 489 670 458 775 434 195 991 285 469 509 439 313 888 807 453 1000 460 416 525 148
950 458 784 519 308 776 499 876 695 176 773 333 460 768 92 989 402 1031 416 434 334 531 515 331 763 897 403 391 759
51 610 683 721 474 417 757 354 22 18 458 533 317 888 308 415 587 31 402
753 310 290 288 57 176 773 18
505 763 558 519 475 566 57 564 683 213 552 290 610 221 147 898 520
897 717 434 334 754 955 773 221 671 331 759 724 406 950 515
957 721 681 533 888 784 317 489 519 773 531 652 910 768
857 334 876 715
861 439 982
492 485
784 1022 363 530 951 516 288 612 898 609 57 610 683 493 279 317 290 950 957 519 773 834 416 1003 564 475 627 763 986 499 458 757 738 333 371 99 439 775 148 535 531 434
415 57 279 353 539 533 741 423 540 85 363 221 627 1003 308 290 475 176
361 413 913 520 475 334 775 434 601 148
591 898 593 310 913 515 444 763 213 290 587 313 162 371
609 784 279 785 716 434 610 598 134 720 516 595 317 774 597 767 898 778 564 147 425 532 221 566 1000
783 538 688 18 290 475
900 475 434 416 391 313 290 403 402
523 767
763 280 351 914 913 552 499 593 852 288 532 516 681 505 986 558 413 363 213 1022 458 361 784 290 333 1003 371 177 888 773 439 391 354 515 757 755 950 403 475 444 416 564 776 683
33 288 351 767 57 516 610 379 986 22 553 564 69 279 1022 371 763 683 914 461 716 880 757 444 773 776 491 1003 538 177 775 587 213
888 354 444 775 541 757 148 221 1000 986 834 773 753 688 353 647 755 738 31 763 402 485 936 434 416 334
539 532 493 57 773 22 586 413 361 558 473 439 1000 279 852 729 99 371 475 177 564 290 415 402 403 683 776 641
767 593 310 277 522 612 951 536 147 605 999 683 516 755 595 598 852 566 585 134 33 898 99 339 587 313 949 279 610 1022 213 1003 553 532 371 567 402 773 162 561 776 290 763 986 177 564 473 774 558
978 499 161
596 609 516 532 177
773 499 854 280 612 162 784 552 780 913 558 986 593 601 852 683 423 757 610 402 444 57 333 782 767 416 391 540 531 775 1003 888 371 950 221 439 434 310 1022 417 290 763 753 564 957 515
915 950
307 403 354 597 361 242 1000 349
738 784 371 83 757 888 585 564 416 334 598 910 313 1031 176 773 473
473 720 519 659 317 688 434 313 779
948 363 888 475 763 768 391 334 991 313 541
629 564 884 888 334 176 598 754
288 499 603 913 423 582 784 612 515 213 530 593 588 402 576 221 434 520 598 780 716 444 898 778 552 610 763 413 350 564 403 516 57 558 532 986
308 434 23 57 610 907 516 493 221 532 22 949 444 986 681 757 69 290 458 741 99 415 417 950 653 391 461 887 775 333 519 460 732 773 317 627 33 177 553 416 475 371 587 213 888 1000
371 601 558 493 759 458 460 683 784 509 773 199 775 213 494 195 643 221 763 354 738 641 465 729 834 391 290 515 671 757 647 339 417 768 491 313 564 416
986 852 773 898 561 612 585 992 595 576 450 755 681 596 530 288 610 1000 177 763 57 778 532 290 721 720 493 516 680 757 767 949 371 564 33 570 533 308 1022 317 361 950 538 333 99 162 458 148
460 506 759 213 1003 308 458 538 653 986 416 784 371 519 509 361 834 757 673 393 888 1022 465 334 494 671 251 475 391 950 313 773
481 767 520 467 540
474 516 51 720 680 721 493 778 757 177
775 351 520 681 22 242 720 898 391 444 773 627 213 33 757 458 763 784 587 177 371 416 361 538 888 494 434
105 767 852 759 561 361 676 475 177 290 732 308 519 763 773 775
177 57 914 586 434 516 755 595 520 53 566 417 940 22 363 313 564 570 539 533 317 279 145 1022 105 308 1003 33 416 519 99 679 775 494 598 742 538 221 339 475 444 371 403 763 541
1000 721 771 660 379 85 221 479 288 630 519 475 587 742 439 308 775 491 538 888 313 754 820 773
917 781 587 914 351 949 558 767 582 913 277 785 599 310 593 423 595 612 467 536 898 603 951 685 576
519 595 413 520 782 473 481 681 548 379 439 540 587 533 475 887 1003 950 601 1000 279 363 460 308 391 683 757 1022 784 317 177 458 742 957 434
553 595 279 898 588 57 516 493 885 548 33 662 310 317 308 475
333 681 363 672 814 475 782 898 564 391 757 587 773 533 540 862 290 439 986 531 308 784 763 213 354 950 176 683
742 460 491 679 99 653 416 519 676 1000 763 177 489 439 538 310 453 393 213 807 757
1003 552 610 533 558 852 279 354 379 415 177 519 564 538 591 294 732 1022 497 444 768 33 416 195 458 763 784 773 290 531 515 494 313 475
670 519 475 773 313 991 416 354 564 742 807 538 371 738 391
762 1000 564 773
461 1022 564 33 907 310 519 317 145 773 733 763 416 719 475 627 775 371 308
558 280 310 898 609 538 917 780 612 854 363 778 593 288 595 57 552 515 516 371 767 290 721 221 473 763 413 279 773 757 213 683 610 782 564
350 147 354 757 22 610 279 403 916 566 898 516 506 57 308 288 767 145 177 681 659 475 34
887 333 317 176 519 439 294 950 354 391
143 477 361 683 99 907 510 1003 762 458 461 505 627 738 33 145 416 371 514 513 763 519 564 591 294 317 773 177 475
312 413
732 437 34 279 527 533 741 627 290 317 1022 1003 105 308 475 773
503 775 773
34 681 147 588 949 852 563 729 279 99 527 986 402 519 350 480 417 554 289 162 177 517 403 727 548 240 507 767 532 310 521 885 506 473 732 561 290 391 446 1022 363 492 22 475
368 536 885 540 317
741 533 757 759 317 213 33 553 587 354 763 444 888 538 333 653 361 681 762 732 221 564 773 776 371 458 907 279 308 177 475 742 415 1003 852 1022
527 553 554 317 719 279 1022 221 33 99 681 444 610 161 506 310 145 391 732 551 480 290 558 533 415 379 741 177 499 773 458 519 475 371 587 564
782 401 720 333 516 506 465 814 413 361 444 683 107 480 402 949 662 610 532 533 551 767 554 473 1003 371 22 519 773 317 757 354 177 379 558 145 475 279 564 759
134 492 22 516 721 536 529 339 493
506 493 516 1022
680 53 558 516 475 413 473 474 564 986 458 434 885 519 567
450 288 57 672 610 221 612 333 519 1022 558 475 379
520 582 949 603 481 288 444 401 598 595 898 852 450 505 681 579 177 303 539 506 746 1022 778 493 782 57 279 213 536 763 475 516 720 759 776 538 587 317 308
661 519
540 406 391 481 317 162 757 773 458 213 533 444 415 587 519 460 333 439
551 940 778 242 22 782 317 177 759 570 729 417 533 85
672 450 413 552 279 354 757 333 290 202 57 288 854 610
593 609 763 577 530 612 552 310 685 605 780 1000 716 898 917 913 591 785 516 280 57 444 588 773 288 558 767 413 520 774 536 564 379
570 216 986 177 69 162 540
303 520 914 493 465
610 753 280 784 585 450 561 854 672 609 576 416 434 940 780 288 552 417 57 852 506 162 310 516 221 176 240 505 290 885 413 782 33 99 774 148 279 773 1003 681 558
21 528
903 379 547
662 379 279 402 553 610 558 480
528 21
885 423 403 290 552 773 536 720 721 516 493 610 553 177 532 564 444 213 475
532 280 573 288 434 240 439 444 681 539 467 595 579 333 566 57 587 342 720 898 520 310 588 683 516 221 778 99 774 721 564 308 413 782 379 767 507 279 458 986 773 475 763 1022
462 567
949 917 951 277 612 34 785 683 536 280 913 681 30 22 577 592 718 475 69 885 413 757 660 558 567 782
721 536 720 564 516 538 51 553 279 986 563 533 439 814 774 474 493 221 681 413 99 532 479 444 1000 379 763 558 213 475 339 610 177 567 467 949 885
413 361 734 780 311 1022 213 593 434 595 682 566 288 552 290 720 147 898 579 354 516 539 162 493 774 782 536 475 763 558 681 279
536 605 595 473 587 582 885 913 603 339 499 33 147 610 310 681 566 785 423 898 1000 951 917 609 782 683 564 361 403 588 515 763 99 391 34 371 413 593 1022 558
566 612 515 280 552 576 683 917 587 536 423 854 33 213 914 473 342 778 681 757 413 434 720 57 363 595 22 508 558 561 516 147 361 609 493 746 85 417 290 1022
242 576 402 221 493 57 467 778 1005 1022 434 475 551
529 595 778 573 434 570 134 475 22 1000 535 493
854 280 773 499 913 588 951 672 558 434 590 681 612 852 423 916 780 581 585 515 403 610 595 1022 767 564 147 778 57 444 898 516 1000 221 475 940 566
516 536 593 784 280 612 279 780 33 479 767 288 147 898 940 444 596 552 290 595 566 1022 520 134 778 774 782 57 532 680 854 986 162 763 885 308 506 221 681 564 558 610 413 493
57 683 784 450 854 402 425 444 288 434 416 531 532 308 393 147 520 415 176 242 279 553 403 221 516 493 610 475 290
597 507 720 363 416 609 147 1000 23
664 520 1000 535
909 34 595 916 147 1000
898 992 499 913 605 782 729 351 785 310 593 1000 917 391 951 530 444 591 515 683 34 612 423 162 576 780 609 57 288 280 333 339 854 681 763 558 516 413 147
992 339 767 598 898 685 917 576 361 780 951 33
552 351 734 34 598 162 917 361 148 595 363 773 593 520 767 913 951 310 30 576 898 763 566 339 423 280 681 612 473 778 288 413 516 757 729 782 147 610 683 558
916 530 780 610 993 520 854 778 940 493 564 403 1000 516 145 519 527 731 418 342 588 221
590 774 898 854 134 778 57 612 530 516 371 444 361 1000 610 177 595 566 290 520 716 598 22 585 940 354
530 916 434 351 913 552 582 784 951 898 603 288 393 515 780 401 986 716 590
550 535 475 597 22
595 536 917 592 423 529 280 434 465 339 413 909 401 553 914 598 612 780 590 567 520 854 720 767 558 570 564 177 221 587 506 1000 532 439 552 505 609 516 681 566 279 898 778
581 609 612 30 310 558 536 681 516 601 773 423 898 552 354 177 413 467 854 564 782 532 767 720
573 532 516 564 288 413 444 720 898 529 22 1000
614 781 34 767
1012 597
780 310 413 499 473 1022 612 608 681 593 683 773 576 782 434 595 515 147 162 558 290 552 986 439 598 280 716 530 288 898 458 444 854 425 403 610 564 767 585 940 516
280 290 854 361 311 992 780 685 917 753 662 609 782 576 605 763 683 913 552 147 515 34 310 598 610 57 951 593 595 339 767 774 558 566 22 778 532 561 916 898
685 992 603 917 585 576
612 605 434 581 423 1022 885 310 785 683 536 917 134 593 558 515 499 279 288 587 34 773 986 598 898 780 425 552 557 450 778 516 590 854 595 585 401
318 734 609 288 913 916 221 393 416 672 425 402 371 592 33 280 610 599 57 475 401 53 22 161
599 716 318 592
592 318 595 599
575 354
951 566 885 999 552 423 536 784 780 530 505 992 603 898 685 917 280 854 588 576
518 290
603 288 520 606 716 576 917 585 329 951 530
608 767 780 999 57 22
311 992 602 778 767 515 280 587 310 566 413
582 536 434 917 913 280 515 313 763 778 288 530 22
928 520
472 767 564 785 520 176
913 280 391 515 773 423 310 363 763 361 591 339 605 530 522 34 951 57 552 564 576 785 318 577 582 147 767 413 780 917 536 681 288 782 593 898
277 351 951 603 310 1022 1000 767 778 609 780
605 361 951 587 898 609 785 612 280 593
351 614 280 423 683 778 585 951 763 914 913 888 515 277 413 1000 1022 310 312 57 940 917 775 402 162 530 898 33 318
999 605 992 951 608 536 683 310 1000 767
594 898 767 605 148 22 147 413 434 785 685 612 310 99 162
636 566 391 22
451 566 914
734 917 413 310 363 402 57
202 531 982 395 403 274 393 345 797 759 381 391 354 729 641 52 962 509 221 862 834 497 852
962 683 641 391 357 313 852 814 338 202 810 862 509
107 83 417 485 444 515 773 641 763 334 192 270 497 834 202 154 52 695 190 810 792 36 136 1013 962 509
