user1 user2
0 0
0 0
0 0
1 1
1 1
1 1
1 1
1 1
1 1
1 1
1 1
1 1
1 1
1 1
3 3
3 3
3 3
3 3
3 3
3 3
3 3
3 3
3 3
3 3
3 3
3 3
3 3
3 3
3 3
3 3
3 3
3 3
3 3
3 3
3 3
3 3
3 3
3 3
3 3
3 3
3 3
3 3
4 4
4 4
4 4
4 4
4 4
4 4
4 4
4 4
4 4
4 4
5 5
5 5
9 9
9 9
9 9
9 9
9 9
10 10
11 11
0 0
14 14
0 0
0 0
14 14
14 14
14 14
14 14
15 15
14 14
15 15
15 15
15 15
16 16
16 16
0 0
16 16
16 16
17 17
17 17
17 17
17 17
17 17
17 17
19 19
3 3
0 0
16 16
0 0
19 19
3 3
19 19
0 0
19 19
19 19
19 19
19 19
20 20
20 20
20 20
20 20
20 20
20 20
20 20
20 20
20 20
20 20
20 20
20 20
20 20
20 20
20 20
20 20
20 20
21 21
21 21
21 21
21 21
21 21
21 21
21 21
21 21
21 21
21 21
21 21
21 21
22 22
22 22
22 22
22 22
22 22
22 22
22 22
22 22
22 22
22 22
22 22
22 22
0 0
22 22
22 22
22 22
22 22
22 22
22 22
22 22
22 22
22 22
22 22
22 22
22 22
22 22
22 22
3 3
22 22
3 3
23 23
23 23
23 23
23 23
23 23
23 23
23 23
23 23
23 23
23 23
23 23
23 23
23 23
23 23
23 23
23 23
23 23
23 23
23 23
23 23
23 23
23 23
23 23
23 23
23 23
23 23
23 23
23 23
19 19
26 26
0 0
26 26
26 26
0 0
26 26
26 26
26 26
26 26
0 0
27 27
0 0
27 27
27 27
27 27
27 27
22 22
27 27
