1 2
2 1
4 5 6
5 4 6
6 5 4
9 10 11
10 9 11
11 10 9
16 17
17 16
19 20
20 19
21 22 23
22 21 23
23 22 21
40 41
41 40
44 45
45 44
55 56
56 55
64 65
65 64
67 68
68 67
74 75
75 74
81 82
82 81
89 90
90 89
91 92
92 91
114 115 116
115 114 116
116 115 114
118 119
119 118
121 122
122 121
127 128
128 127
137 138
138 137
144 145
145 144
150 151
151 150
154 155
155 154
159 160 161
160 159 161
161 160 159
163 164 165
164 163 165
165 164 163
172 173 174 175
173 172 174 175
174 173 172 175
175 174 173 172
178 179
179 178
192 193
193 192
195 196
196 195
198 199
199 198
202 203 204 205 206 207 208 209 210
203 202 204 205 206 207 208 209 210
204 203 202 205 206 207 208 209 210
205 204 203 202 206 207 208 209 210
206 205 204 203 202 207 208 209 210
207 206 205 204 203 202 208 209 210
208 207 206 205 204 203 202 209 210
209 208 207 206 205 204 203 202 210
210 209 208 207 206 205 204 203 202
211 212 213 214 215 216
212 211 213 214 215 216
213 212 211 214 215 216
214 213 212 211 215 216
215 214 213 212 211 216
216 215 214 213 212 211
231 232
232 231
244 245
245 244
257 258
258 257
263 264
264 263
268 269
269 268
274 275
275 274
279 280 281
280 279 281
281 280 279
283 284 285
284 283 285
285 284 283
289 290
290 289
296 297
297 296
302 303
303 302
309 310
310 309
316 317
317 316
318 319 320
319 318 320
320 319 318
321 322 323 324
322 321 323 324
323 322 321 324
324 323 322 321
327 328
328 327
330 331
331 330
341 342 343
342 341 343
343 342 341
346 347 348
347 346 348
348 347 346
352 353 354
353 352 354
354 353 352
355 356
356 355
358 359
359 358
360 361
361 360
362 363
363 362
365 366
366 365
368 369
369 368
373 374
374 373
380 381
381 380
383 384
384 383
387 388
388 387
393 394
394 393
396 397 398 399 400
397 396 398 399 400
398 397 396 399 400
399 398 397 396 400
400 399 398 397 396
403 404
404 403
406 407
407 406
413 414 415 416
414 413 415 416
415 414 413 416
416 415 414 413
426 427
427 426
429 430
430 429
434 435
435 434
438 439 440 441 442 443
439 438 440 441 442 443
440 439 438 441 442 443
441 440 439 438 442 443
442 441 440 439 438 443
443 442 441 440 439 438
447 448
448 447
451 452 453
452 451 453
453 452 451
473 474
474 473
478 479
479 478
501 502
502 501
511 512
512 511
518 519
519 518
520 521
521 520
528 529
529 528
539 540
540 539
542 543
543 542
555 556
556 555
558 559
559 558
560 561
561 560
566 567
567 566
570 571
571 570
585 586 587 588
586 585 587 588
587 586 585 588
588 587 586 585
601 602 603
602 601 603
603 602 601
604 605
605 604
611 612
612 611
613 614 615 616
614 613 615 616
615 614 613 616
616 615 614 613
618 619
619 618
624 625 626
625 624 626
626 625 624
637 638
638 637
642 643
643 642
650 651
651 650
653 654
654 653
658 659
659 658
660 661
661 660
679 680
680 679
683 684
684 683
706 707
707 706
724 725
725 724
728 729
729 728
731 732
732 731
737 738
738 737
745 746
746 745
752 753 754
753 752 754
754 753 752
758 759
759 758
773 774
774 773
778 779 780
779 778 780
780 779 778
786 787 788
787 786 788
788 787 786
794 795
795 794
797 798
798 797
800 801
801 800
808 809
809 808
819 820 821 822
820 819 821 822
821 820 819 822
822 821 820 819
831 832 833
832 831 833
833 832 831
839 840
840 839
843 844 845 846
844 843 845 846
845 844 843 846
846 845 844 843
849 850
850 849
856 857
857 856
858 859
859 858
860 861
861 860
866 867
867 866
877 878
878 877
880 881
881 880
887 888
888 887
896 897
897 896
898 899
899 898
906 907
907 906
908 909
909 908
915 916
916 915
936 937 938 939
937 936 938 939
938 937 936 939
939 938 937 936
943 944 945 946
944 943 945 946
945 944 943 946
946 945 944 943
947 948
948 947
949 950 951
950 949 951
951 950 949
955 956
956 955
958 959
959 958
967 968 969
968 967 969
969 968 967
974 975
975 974
978 979 980
979 978 980
980 979 978
985 986
986 985
988 989 990
989 988 990
990 989 988
991 992
992 991
995 996
996 995
998 999
999 998
1012 1013
1013 1012
1014 1015
1015 1014
1023 1024
1024 1023
1035 1036
1036 1035
1037 1038
1038 1037
1047 1048
1048 1047
1061 1062
1062 1061
1065 1066
1066 1065
1069 1070
1070 1069
1071 1072
1072 1071
1082 1083
1083 1082
1087 1088
1088 1087
1091 1092
1092 1091
1093 1094
1094 1093
1104 1105
1105 1104
1114 1115
1115 1114
1129 1130
1130 1129
1137 1138
1138 1137
1142 1143
1143 1142
1144 1145 1146
1145 1144 1146
1146 1145 1144
1160 1161
1161 1160
1162 1163
1163 1162
1179 1180 1181
1180 1179 1181
1181 1180 1179
1183 1184
1184 1183
1189 1190
1190 1189
1193 1194
1194 1193
1200 1201 1202
1201 1200 1202
1202 1201 1200
1203 1204 1205
1204 1203 1205
1205 1204 1203
1211 1212
1212 1211
1217 1218 1219
1218 1217 1219
1219 1218 1217
1228 1229
1229 1228
1238 1239
1239 1238
1247 1248
1248 1247
1255 1256
1256 1255
1257 1258
1258 1257
1261 1262 1263
1262 1261 1263
1263 1262 1261
1267 1268
1268 1267
1269 1270
1270 1269
1276 1277
1277 1276
1278 1279
1279 1278
1282 1283
1283 1282
1290 1291
1291 1290
1292 1293
1293 1292
1296 1297
1297 1296
1306 1307
1307 1306
1313 1314 1315 1316
1314 1313 1315 1316
1315 1314 1313 1316
1316 1315 1314 1313
1318 1319
1319 1318
1324 1325
1325 1324
1327 1328
1328 1327
1336 1337
1337 1336
1345 1346
1346 1345
1366 1367
1367 1366
1370 1371 1372 1373
1371 1370 1372 1373
1372 1371 1370 1373
1373 1372 1371 1370
1382 1383
1383 1382
1389 1390
1390 1389
1397 1398
1398 1397
1407 1408
1408 1407
1411 1412
1412 1411
1423 1424 1425
1424 1423 1425
1425 1424 1423
1431 1432
1432 1431
1445 1446
1446 1445
1447 1448
1448 1447
1450 1451
1451 1450
1473 1474
1474 1473
1481 1482
1482 1481
1484 1485
1485 1484
1490 1491
1491 1490
1502 1503
1503 1502
1514 1515
1515 1514
1523 1524
1524 1523
1535 1536
1536 1535
1543 1544
1544 1543
1549 1550 1551
1550 1549 1551
1551 1550 1549
1557 1558 1559 1560
1558 1557 1559 1560
1559 1558 1557 1560
1560 1559 1558 1557
1562 1563
1563 1562
1576 1577
1577 1576
1588 1589
1589 1588
1590 1591
1591 1590
1592 1593
1593 1592
1601 1602
1602 1601
1608 1609
1609 1608
1610 1611 1612
1611 1610 1612
1612 1611 1610
1615 1616 1617
1616 1615 1617
1617 1616 1615
1622 1623
1623 1622
1627 1628
1628 1627
1634 1635
1635 1634
1636 1637
1637 1636
1644 1645
1645 1644
1647 1648
1648 1647
1649 1650
1650 1649
1651 1652
1652 1651
1662 1663
1663 1662
1670 1671 1672
1671 1670 1672
1672 1671 1670
1686 1687
1687 1686
1697 1698
1698 1697
1700 1701 1702
1701 1700 1702
1702 1701 1700
1705 1706
1706 1705
1715 1716
1716 1715
1732 1733 1734
1733 1732 1734
1734 1733 1732
1737 1738
1738 1737
1743 1744
1744 1743
1748 1749
1749 1748
1755 1756
1756 1755
1764 1765
1765 1764
1767 1768 1769
1768 1767 1769
1769 1768 1767
1782 1783
1783 1782
1787 1788
1788 1787
1794 1795
1795 1794
1798 1799 1800 1801
1799 1798 1800 1801
1800 1799 1798 1801
1801 1800 1799 1798
1803 1804
1804 1803
1807 1808 1809
1808 1807 1809
1809 1808 1807
1816 1817
1817 1816
1820 1821 1822 1823
1821 1820 1822 1823
1822 1821 1820 1823
1823 1822 1821 1820
1836 1837 1838
1837 1836 1838
1838 1837 1836
1839 1840
1840 1839
1841 1842
1842 1841
1848 1849
1849 1848
1854 1855 1856
1855 1854 1856
1856 1855 1854
1859 1860
1860 1859
1869 1870
1870 1869
1879 1880
1880 1879
1881 1882
1882 1881
1892 1893
1893 1892
1895 1896
1896 1895
1905 1906
1906 1905
1908 1909
1909 1908
1922 1923
1923 1922
1933 1934
1934 1933
1943 1944
1944 1943
1945 1946
1946 1945
1948 1949
1949 1948
1974 1975
1975 1974
1982 1983
1983 1982
1985 1986
1986 1985
1992 1993
1993 1992
1996 1997
1997 1996
2000 2001
2001 2000
2004 2005
2005 2004
2006 2007
2007 2006
2011 2012 2013
2012 2011 2013
2013 2012 2011
2018 2019 2020
2019 2018 2020
2020 2019 2018
2023 2024
2024 2023
2029 2030
2030 2029
2035 2036 2037
2036 2035 2037
2037 2036 2035
2050 2051
2051 2050
2054 2055
2055 2054
2062 2063 2064
2063 2062 2064
2064 2063 2062
2066 2067
2067 2066
2070 2071
2071 2070
2073 2074
2074 2073
2078 2079
2079 2078
2082 2083 2084
2083 2082 2084
2084 2083 2082
2089 2090
2090 2089
2092 2093 2094
2093 2092 2094
2094 2093 2092
2098 2099
2099 2098
2104 2105
2105 2104
2108 2109
2109 2108
2110 2111
2111 2110
2119 2120
2120 2119
2122 2123
2123 2122
2124 2125
2125 2124
2133 2134
2134 2133
2140 2141
2141 2140
2151 2152 2153 2154
2152 2151 2153 2154
2153 2152 2151 2154
2154 2153 2152 2151
2163 2164
2164 2163
2166 2167
2167 2166
2174 2175
2175 2174
2181 2182 2183 2184
2182 2181 2183 2184
2183 2182 2181 2184
2184 2183 2182 2181
2185 2186
2186 2185
2187 2188 2189
2188 2187 2189
2189 2188 2187
2195 2196 2197
2196 2195 2197
2197 2196 2195
2200 2201
2201 2200
2210 2211 2212 2213
2211 2210 2212 2213
2212 2211 2210 2213
2213 2212 2211 2210
2222 2223
2223 2222
2224 2225
2225 2224
2233 2234 2235
2234 2233 2235
2235 2234 2233
2243 2244 2245
2244 2243 2245
2245 2244 2243
2248 2249
2249 2248
2254 2255
2255 2254
2258 2259
2259 2258
2262 2263
2263 2262
2264 2265
2265 2264
2273 2274
2274 2273
2277 2278
2278 2277
2279 2280
2280 2279
2282 2283 2284
2283 2282 2284
2284 2283 2282
2292 2293 2294
2293 2292 2294
2294 2293 2292
2298 2299
2299 2298
2300 2301
2301 2300
2312 2313 2314
2313 2312 2314
2314 2313 2312
2315 2316 2317
2316 2315 2317
2317 2316 2315
2318 2319
2319 2318
2328 2329
2329 2328
2331 2332
2332 2331
2335 2336 2337
2336 2335 2337
2337 2336 2335
2339 2340
2340 2339
2342 2343
2343 2342
2367 2368
2368 2367
2374 2375
2375 2374
2385 2386
2386 2385
2401 2402
2402 2401
2412 2413
2413 2412
2414 2415
2415 2414
2424 2425 2426 2427
2425 2424 2426 2427
2426 2425 2424 2427
2427 2426 2425 2424
2435 2436
2436 2435
2444 2445
2445 2444
2455 2456 2457 2458
2456 2455 2457 2458
2457 2456 2455 2458
2458 2457 2456 2455
2461 2462
2462 2461
2465 2466
2466 2465
2492 2493
2493 2492
2495 2496
2496 2495
2508 2509 2510 2511 2512
2509 2508 2510 2511 2512
2510 2509 2508 2511 2512
2511 2510 2509 2508 2512
2512 2511 2510 2509 2508
2514 2515 2516 2517
2515 2514 2516 2517
2516 2515 2514 2517
2517 2516 2515 2514
2523 2524
2524 2523
2532 2533
2533 2532
2536 2537
2537 2536
2545 2546
2546 2545
2549 2550
2550 2549
2554 2555
2555 2554
2560 2561 2562
2561 2560 2562
2562 2561 2560
2566 2567
2567 2566
2568 2569
2569 2568
2571 2572
2572 2571
2590 2591
2591 2590
2601 2602
2602 2601
2603 2604
2604 2603
2605 2606 2607
2606 2605 2607
2607 2606 2605
2608 2609 2610 2611
2609 2608 2610 2611
2610 2609 2608 2611
2611 2610 2609 2608
2618 2619
2619 2618
2629 2630 2631 2632
2630 2629 2631 2632
2631 2630 2629 2632
2632 2631 2630 2629
2635 2636
2636 2635
2648 2649
2649 2648
2654 2655 2656
2655 2654 2656
2656 2655 2654
2661 2662
2662 2661
2679 2680
2680 2679
2686 2687 2688
2687 2686 2688
2688 2687 2686
2691 2692 2693 2694
2692 2691 2693 2694
2693 2692 2691 2694
2694 2693 2692 2691
2695 2696
2696 2695
2697 2698 2699 2700
2698 2697 2699 2700
2699 2698 2697 2700
2700 2699 2698 2697
2702 2703
2703 2702
2709 2710
2710 2709
2711 2712
2712 2711
2713 2714
2714 2713
2734 2735
2735 2734
2737 2738
2738 2737
2747 2748 2749
2748 2747 2749
2749 2748 2747
2753 2754
2754 2753
2758 2759
2759 2758
2777 2778
2778 2777
2781 2782 2783
2782 2781 2783
2783 2782 2781
2791 2792 2793
2792 2791 2793
2793 2792 2791
2805 2806
2806 2805
2817 2818
2818 2817
2823 2824
2824 2823
2831 2832
2832 2831
2833 2834
2834 2833
2842 2843
2843 2842
2847 2848
2848 2847
2849 2850
2850 2849
2863 2864 2865
2864 2863 2865
2865 2864 2863
2877 2878
2878 2877
2879 2880
2880 2879
2902 2903
2903 2902
2904 2905 2906
2905 2904 2906
2906 2905 2904
2910 2911
2911 2910
2913 2914 2915
2914 2913 2915
2915 2914 2913
2918 2919
2919 2918
2927 2928 2929
2928 2927 2929
2929 2928 2927
2969 2970
2970 2969
2976 2977
2977 2976
2980 2981
2981 2980
2986 2987 2988
2987 2986 2988
2988 2987 2986
2990 2991
2991 2990
2995 2996
2996 2995
2997 2998
2998 2997
3000 3001
3001 3000
3005 3006
3006 3005
3011 3012
3012 3011
3015 3016
3016 3015
3021 3022
3022 3021
3026 3027 3028
3027 3026 3028
3028 3027 3026
3042 3043
3043 3042
3048 3049
3049 3048
3051 3052
3052 3051
3074 3075
3075 3074
3088 3089
3089 3088
3099 3100
3100 3099
3101 3102
3102 3101
3110 3111
3111 3110
3116 3117
3117 3116
3121 3122
3122 3121
3129 3130
3130 3129
3136 3137
3137 3136
3144 3145
3145 3144
3148 3149
3149 3148
3155 3156
3156 3155
3164 3165 3166 3167
3165 3164 3166 3167
3166 3165 3164 3167
3167 3166 3165 3164
3174 3175
3175 3174
3187 3188
3188 3187
3197 3198
3198 3197
3202 3203
3203 3202
3209 3210
3210 3209
3213 3214
3214 3213
3221 3222
3222 3221
3236 3237
3237 3236
3240 3241
3241 3240
3248 3249
3249 3248
3258 3259
3259 3258
3261 3262
3262 3261
3267 3268
3268 3267
3277 3278
3278 3277
3281 3282
3282 3281
3289 3290 3291
3290 3289 3291
3291 3290 3289
3293 3294 3295
3294 3293 3295
3295 3294 3293
3298 3299 3300 3301 3302
3299 3298 3300 3301 3302
3300 3299 3298 3301 3302
3301 3300 3299 3298 3302
3302 3301 3300 3299 3298
3307 3308
3308 3307
3326 3327
3327 3326
3336 3337
3337 3336
3344 3345
3345 3344
3351 3352
3352 3351
3357 3358 3359 3360
3358 3357 3359 3360
3359 3358 3357 3360
3360 3359 3358 3357
3362 3363
3363 3362
3372 3373
3373 3372
3374 3375
3375 3374
3386 3387
3387 3386
3388 3389 3390 3391
3389 3388 3390 3391
3390 3389 3388 3391
3391 3390 3389 3388
3393 3394
3394 3393
3400 3401 3402
3401 3400 3402
3402 3401 3400
3407 3408
3408 3407
3427 3428
3428 3427
3435 3436 3437 3438
3436 3435 3437 3438
3437 3436 3435 3438
3438 3437 3436 3435
3461 3462
3462 3461
3470 3471
3471 3470
3482 3483
3483 3482
3485 3486 3487
3486 3485 3487
3487 3486 3485
3492 3493 3494
3493 3492 3494
3494 3493 3492
3516 3517
3517 3516
3522 3523
3523 3522
3525 3526
3526 3525
3527 3528 3529
3528 3527 3529
3529 3528 3527
3531 3532
3532 3531
3540 3541 3542
3541 3540 3542
3542 3541 3540
3546 3547
3547 3546
3553 3554
3554 3553
3555 3556
3556 3555
3558 3559
3559 3558
3561 3562
3562 3561
3576 3577
3577 3576
3579 3580
3580 3579
3588 3589
3589 3588
3593 3594
3594 3593
3597 3598 3599 3600 3601
3598 3597 3599 3600 3601
3599 3598 3597 3600 3601
3600 3599 3598 3597 3601
3601 3600 3599 3598 3597
3612 3613
3613 3612
3620 3621 3622
3621 3620 3622
3622 3621 3620
3634 3635
3635 3634
3637 3638
3638 3637
3648 3649
3649 3648
3667 3668
3668 3667
3675 3676
3676 3675
3683 3684
3684 3683
3689 3690
3690 3689
3700 3701
3701 3700
3702 3703
3703 3702
3708 3709
3709 3708
3713 3714
3714 3713
3715 3716 3717 3718 3719
3716 3715 3717 3718 3719
3717 3716 3715 3718 3719
3718 3717 3716 3715 3719
3719 3718 3717 3716 3715
3722 3723
3723 3722
3730 3731 3732
3731 3730 3732
3732 3731 3730
3745 3746
3746 3745
3753 3754
3754 3753
3756 3757
3757 3756
3762 3763 3764
3763 3762 3764
3764 3763 3762
3772 3773
3773 3772
3785 3786
3786 3785
3806 3807 3808
3807 3806 3808
3808 3807 3806
3817 3818
3818 3817
3822 3823 3824
3823 3822 3824
3824 3823 3822
3828 3829
3829 3828
3837 3838 3839
3838 3837 3839
3839 3838 3837
3849 3850 3851
3850 3849 3851
3851 3850 3849
3852 3853
3853 3852
3856 3857
3857 3856
3868 3869 3870
3869 3868 3870
3870 3869 3868
3872 3873
3873 3872
3880 3881 3882
3881 3880 3882
3882 3881 3880
3888 3889
3889 3888
3895 3896
3896 3895
3897 3898
3898 3897
3901 3902
3902 3901
3906 3907
3907 3906
3910 3911
3911 3910
3918 3919
3919 3918
3926 3927
3927 3926
3928 3929
3929 3928
3932 3933
3933 3932
3936 3937
3937 3936
3951 3952
3952 3951
3956 3957 3958
3957 3956 3958
3958 3957 3956
3959 3960
3960 3959
3966 3967
3967 3966
3978 3979
3979 3978
3982 3983
3983 3982
3994 3995
3995 3994
4005 4006
4006 4005
4025 4026 4027
4026 4025 4027
4027 4026 4025
4040 4041
4041 4040
4066 4067
4067 4066
4070 4071
4071 4070
4073 4074 4075
4074 4073 4075
4075 4074 4073
4081 4082
4082 4081
4091 4092
4092 4091
4094 4095
4095 4094
4097 4098 4099
4098 4097 4099
4099 4098 4097
4100 4101
4101 4100
4118 4119
4119 4118
4125 4126 4127
4126 4125 4127
4127 4126 4125
4128 4129
4129 4128
4131 4132
4132 4131
4134 4135
4135 4134
4140 4141
4141 4140
4157 4158
4158 4157
4161 4162
4162 4161
4165 4166
4166 4165
4169 4170
4170 4169
4189 4190
4190 4189
4198 4199
4199 4198
4201 4202 4203
4202 4201 4203
4203 4202 4201
4213 4214
4214 4213
4217 4218 4219
4218 4217 4219
4219 4218 4217
4223 4224
4224 4223
4233 4234
4234 4233
4252 4253
4253 4252
4257 4258
4258 4257
4282 4283
4283 4282
4291 4292
4292 4291
4293 4294
4294 4293
4297 4298
4298 4297
4322 4323
4323 4322
4334 4335
4335 4334
4338 4339
4339 4338
4342 4343
4343 4342
4345 4346
4346 4345
4348 4349 4350
4349 4348 4350
4350 4349 4348
4367 4368
4368 4367
4371 4372 4373
4372 4371 4373
4373 4372 4371
4389 4390 4391 4392
4390 4389 4391 4392
4391 4390 4389 4392
4392 4391 4390 4389
4401 4402
4402 4401
4407 4408 4409
4408 4407 4409
4409 4408 4407
4428 4429
4429 4428
4432 4433
4433 4432
4436 4437
4437 4436
4439 4440
4440 4439
4447 4448
4448 4447
4456 4457 4458 4459
4457 4456 4458 4459
4458 4457 4456 4459
4459 4458 4457 4456
4460 4461
4461 4460
4463 4464 4465 4466
4464 4463 4465 4466
4465 4464 4463 4466
4466 4465 4464 4463
4469 4470
4470 4469
4474 4475 4476
4475 4474 4476
4476 4475 4474
4478 4479
4479 4478
4480 4481
4481 4480
4486 4487
4487 4486
4494 4495
4495 4494
4502 4503 4504
4503 4502 4504
4504 4503 4502
4509 4510 4511
4510 4509 4511
4511 4510 4509
4512 4513
4513 4512
4517 4518 4519 4520
4518 4517 4519 4520
4519 4518 4517 4520
4520 4519 4518 4517
4524 4525
4525 4524
4530 4531
4531 4530
4536 4537
4537 4536
4547 4548
4548 4547
4552 4553
4553 4552
4560 4561
4561 4560
4562 4563
4563 4562
4564 4565
4565 4564
4568 4569
4569 4568
4570 4571
4571 4570
4573 4574
4574 4573
4576 4577
4577 4576
4581 4582
4582 4581
4584 4585
4585 4584
4589 4590
4590 4589
4599 4600
4600 4599
4609 4610
4610 4609
4612 4613
4613 4612
4616 4617
4617 4616
4622 4623
4623 4622
4653 4654 4655
4654 4653 4655
4655 4654 4653
4656 4657
4657 4656
4669 4670
4670 4669
4671 4672 4673
4672 4671 4673
4673 4672 4671
4675 4676
4676 4675
4677 4678
4678 4677
4692 4693
4693 4692
4700 4701
4701 4700
4708 4709
4709 4708
4735 4736
4736 4735
4738 4739 4740
4739 4738 4740
4740 4739 4738
4744 4745 4746
4745 4744 4746
4746 4745 4744
4753 4754 4755
4754 4753 4755
4755 4754 4753
4763 4764 4765
4764 4763 4765
4765 4764 4763
4766 4767
4767 4766
4769 4770
4770 4769
4777 4778
4778 4777
4786 4787
4787 4786
4792 4793
4793 4792
4794 4795
4795 4794
4826 4827
4827 4826
4828 4829 4830 4831
4829 4828 4830 4831
4830 4829 4828 4831
4831 4830 4829 4828
4833 4834
4834 4833
4850 4851
4851 4850
4859 4860
4860 4859
4867 4868
4868 4867
4873 4874
4874 4873
4880 4881
4881 4880
4885 4886 4887
4886 4885 4887
4887 4886 4885
4893 4894 4895 4896
4894 4893 4895 4896
4895 4894 4893 4896
4896 4895 4894 4893
4905 4906
4906 4905
4935 4936
4936 4935
4942 4943
4943 4942
4945 4946 4947
4946 4945 4947
4947 4946 4945
4963 4964
4964 4963
4966 4967 4968
4967 4966 4968
4968 4967 4966
4972 4973
4973 4972
4983 4984 4985
4984 4983 4985
4985 4984 4983
5006 5007 5008 5009
5007 5006 5008 5009
5008 5007 5006 5009
5009 5008 5007 5006
5013 5014
5014 5013
5016 5017
5017 5016
5020 5021 5022 5023
5021 5020 5022 5023
5022 5021 5020 5023
5023 5022 5021 5020
5027 5028
5028 5027
5029 5030 5031
5030 5029 5031
5031 5030 5029
5056 5057 5058
5057 5056 5058
5058 5057 5056
5078 5079
5079 5078
5095 5096
5096 5095
5123 5124
5124 5123
5135 5136
5136 5135
5142 5143
5143 5142
5144 5145
5145 5144
5148 5149
5149 5148
5158 5159 5160
5159 5158 5160
5160 5159 5158
5169 5170
5170 5169
5171 5172
5172 5171
5174 5175 5176
5175 5174 5176
5176 5175 5174
5180 5181
5181 5180
5194 5195 5196
5195 5194 5196
5196 5195 5194
5226 5227 5228 5229
5227 5226 5228 5229
5228 5227 5226 5229
5229 5228 5227 5226
5248 5249
5249 5248
5251 5252
5252 5251
5261 5262
5262 5261
5270 5271
5271 5270
5282 5283 5284
5283 5282 5284
5284 5283 5282
5287 5288 5289
5288 5287 5289
5289 5288 5287
5302 5303
5303 5302
5304 5305 5306 5307
5305 5304 5306 5307
5306 5305 5304 5307
5307 5306 5305 5304
5323 5324
5324 5323
5328 5329
5329 5328
5342 5343 5344
5343 5342 5344
5344 5343 5342
5345 5346
5346 5345
5350 5351 5352 5353
5351 5350 5352 5353
5352 5351 5350 5353
5353 5352 5351 5350
5363 5364
5364 5363
5375 5376
5376 5375
5378 5379
5379 5378
5383 5384
5384 5383
5399 5400
5400 5399
5407 5408
5408 5407
5410 5411
5411 5410
5425 5426
5426 5425
5438 5439 5440
5439 5438 5440
5440 5439 5438
5442 5443
5443 5442
5446 5447
5447 5446
5448 5449 5450 5451
5449 5448 5450 5451
5450 5449 5448 5451
5451 5450 5449 5448
5454 5455
5455 5454
5458 5459
5459 5458
5469 5470
5470 5469
5482 5483
5483 5482
5484 5485 5486
5485 5484 5486
5486 5485 5484
5491 5492
5492 5491
5494 5495
5495 5494
5498 5499
5499 5498
5501 5502
5502 5501
5509 5510
5510 5509
5513 5514
5514 5513
5519 5520
5520 5519
5540 5541
5541 5540
5543 5544
5544 5543
5546 5547 5548
5547 5546 5548
5548 5547 5546
5557 5558 5559
5558 5557 5559
5559 5558 5557
5560 5561 5562
5561 5560 5562
5562 5561 5560
5572 5573
5573 5572
5584 5585
5585 5584
5588 5589
5589 5588
5591 5592
5592 5591
5597 5598
5598 5597
5608 5609
5609 5608
5611 5612
5612 5611
5628 5629
5629 5628
5631 5632
5632 5631
5656 5657
5657 5656
5660 5661
5661 5660
5679 5680 5681
5680 5679 5681
5681 5680 5679
5688 5689
5689 5688
5708 5709
5709 5708
5717 5718
5718 5717
5719 5720
5720 5719
5731 5732
5732 5731
5739 5740 5741
5740 5739 5741
5741 5740 5739
5756 5757
5757 5756
5764 5765
5765 5764
5788 5789 5790 5791 5792
5789 5788 5790 5791 5792
5790 5789 5788 5791 5792
5791 5790 5789 5788 5792
5792 5791 5790 5789 5788
5793 5794
5794 5793
5796 5797
5797 5796
5801 5802
5802 5801
5808 5809
5809 5808
5820 5821
5821 5820
5824 5825
5825 5824
5832 5833
5833 5832
5846 5847
5847 5846
5852 5853
5853 5852
5854 5855
5855 5854
5864 5865 5866
5865 5864 5866
5866 5865 5864
5869 5870
5870 5869
5872 5873 5874
5873 5872 5874
5874 5873 5872
5875 5876
5876 5875
5887 5888 5889
5888 5887 5889
5889 5888 5887
5891 5892
5892 5891
5893 5894
5894 5893
5896 5897
5897 5896
5905 5906
5906 5905
5908 5909
5909 5908
5917 5918 5919 5920
5918 5917 5919 5920
5919 5918 5917 5920
5920 5919 5918 5917
5923 5924 5925
5924 5923 5925
5925 5924 5923
5935 5936
5936 5935
5937 5938
5938 5937
5939 5940
5940 5939
5942 5943
5943 5942
5948 5949 5950
5949 5948 5950
5950 5949 5948
5954 5955
5955 5954
5956 5957 5958
5957 5956 5958
5958 5957 5956
5963 5964
5964 5963
5965 5966
5966 5965
5971 5972
5972 5971
5976 5977
5977 5976
5979 5980
5980 5979
5982 5983 5984 5985
5983 5982 5984 5985
5984 5983 5982 5985
5985 5984 5983 5982
5989 5990
5990 5989
5991 5992
5992 5991
5995 5996
5996 5995
6001 6002
6002 6001
6005 6006
6006 6005
6022 6023
6023 6022
6025 6026 6027 6028
6026 6025 6027 6028
6027 6026 6025 6028
6028 6027 6026 6025
6030 6031
6031 6030
6040 6041
6041 6040
6050 6051
6051 6050
6054 6055
6055 6054
6060 6061
6061 6060
6070 6071
6071 6070
6075 6076
6076 6075
6084 6085
6085 6084
6087 6088
6088 6087
6096 6097
6097 6096
6119 6120
6120 6119
6122 6123 6124
6123 6122 6124
6124 6123 6122
6128 6129
6129 6128
6133 6134
6134 6133
6152 6153
6153 6152
6154 6155
6155 6154
6158 6159
6159 6158
6160 6161 6162
6161 6160 6162
6162 6161 6160
6173 6174 6175 6176
6174 6173 6175 6176
6175 6174 6173 6176
6176 6175 6174 6173
6194 6195
6195 6194
6203 6204
6204 6203
6206 6207 6208
6207 6206 6208
6208 6207 6206
6214 6215
6215 6214
6230 6231 6232
6231 6230 6232
6232 6231 6230
6239 6240
6240 6239
6245 6246
6246 6245
6251 6252
6252 6251
6259 6260 6261
6260 6259 6261
6261 6260 6259
6271 6272
6272 6271
6303 6304
6304 6303
6314 6315
6315 6314
6333 6334
6334 6333
6337 6338
6338 6337
6347 6348
6348 6347
6349 6350
6350 6349
6358 6359
6359 6358
6364 6365
6365 6364
6367 6368
6368 6367
6376 6377
6377 6376
6378 6379
6379 6378
6387 6388
6388 6387
6395 6396
6396 6395
6398 6399 6400
6399 6398 6400
6400 6399 6398
6412 6413
6413 6412
6432 6433
6433 6432
6440 6441 6442
6441 6440 6442
6442 6441 6440
6445 6446
6446 6445
6450 6451
6451 6450
6459 6460
6460 6459
6467 6468 6469
6468 6467 6469
6469 6468 6467
6473 6474
6474 6473
6493 6494
6494 6493
6500 6501
6501 6500
6502 6503
6503 6502
6504 6505
6505 6504
6506 6507
6507 6506
6510 6511 6512
6511 6510 6512
6512 6511 6510
6515 6516
6516 6515
6521 6522
6522 6521
6534 6535
6535 6534
6545 6546
6546 6545
6548 6549
6549 6548
6550 6551 6552
6551 6550 6552
6552 6551 6550
6570 6571
6571 6570
6573 6574
6574 6573
6586 6587
6587 6586
6592 6593
6593 6592
6614 6615
6615 6614
6616 6617
6617 6616
6629 6630
6630 6629
6645 6646 6647
6646 6645 6647
6647 6646 6645
6660 6661
6661 6660
6662 6663 6664
6663 6662 6664
6664 6663 6662
6666 6667
6667 6666
6674 6675
6675 6674
6677 6678 6679
6678 6677 6679
6679 6678 6677
6684 6685
6685 6684
6687 6688 6689 6690
6688 6687 6689 6690
6689 6688 6687 6690
6690 6689 6688 6687
6698 6699
6699 6698
6706 6707
6707 6706
6709 6710 6711
6710 6709 6711
6711 6710 6709
6721 6722
6722 6721
6725 6726
6726 6725
6728 6729
6729 6728
6737 6738
6738 6737
6747 6748
6748 6747
6771 6772
6772 6771
6774 6775 6776
6775 6774 6776
6776 6775 6774
6788 6789
6789 6788
6793 6794
6794 6793
6800 6801
6801 6800
6805 6806
6806 6805
6808 6809
6809 6808
6818 6819 6820
6819 6818 6820
6820 6819 6818
6822 6823
6823 6822
6824 6825 6826
6825 6824 6826
6826 6825 6824
6832 6833
6833 6832
6841 6842
6842 6841
6847 6848
6848 6847
6864 6865 6866
6865 6864 6866
6866 6865 6864
6868 6869 6870
6869 6868 6870
6870 6869 6868
6871 6872
6872 6871
6874 6875
6875 6874
6876 6877 6878
6877 6876 6878
6878 6877 6876
6888 6889
6889 6888
6892 6893
6893 6892
6897 6898
6898 6897
6905 6906 6907
6906 6905 6907
6907 6906 6905
6920 6921
6921 6920
6927 6928
6928 6927
6935 6936
6936 6935
6942 6943
6943 6942
6948 6949 6950
6949 6948 6950
6950 6949 6948
6952 6953
6953 6952
6967 6968
6968 6967
6969 6970 6971
6970 6969 6971
6971 6970 6969
6977 6978
6978 6977
6984 6985
6985 6984
6995 6996
6996 6995
7013 7014
7014 7013
7017 7018
7018 7017
7021 7022
7022 7021
7026 7027
7027 7026
7029 7030
7030 7029
7032 7033
7033 7032
7044 7045
7045 7044
7050 7051
7051 7050
7061 7062
7062 7061
7078 7079 7080 7081
7079 7078 7080 7081
7080 7079 7078 7081
7081 7080 7079 7078
7083 7084
7084 7083
7089 7090
7090 7089
7092 7093
7093 7092
7094 7095
7095 7094
7097 7098
7098 7097
7100 7101
7101 7100
7126 7127
7127 7126
7129 7130
7130 7129
7132 7133
7133 7132
7135 7136
7136 7135
7147 7148
7148 7147
7152 7153
7153 7152
7159 7160
7160 7159
7166 7167
7167 7166
7169 7170
7170 7169
7173 7174
7174 7173
7182 7183
7183 7182
7195 7196
7196 7195
7199 7200
7200 7199
7217 7218 7219
7218 7217 7219
7219 7218 7217
7224 7225
7225 7224
7226 7227
7227 7226
7231 7232
7232 7231
7237 7238 7239
7238 7237 7239
7239 7238 7237
7248 7249 7250
7249 7248 7250
7250 7249 7248
7254 7255 7256
7255 7254 7256
7256 7255 7254
7261 7262
7262 7261
7265 7266
7266 7265
7271 7272
7272 7271
7280 7281
7281 7280
7282 7283
7283 7282
7291 7292
7292 7291
7297 7298 7299 7300
7298 7297 7299 7300
7299 7298 7297 7300
7300 7299 7298 7297
7303 7304
7304 7303
7309 7310
7310 7309
7312 7313 7314 7315
7313 7312 7314 7315
7314 7313 7312 7315
7315 7314 7313 7312
7318 7319
7319 7318
7324 7325
7325 7324
7326 7327
7327 7326
7330 7331
7331 7330
7334 7335 7336
7335 7334 7336
7336 7335 7334
7337 7338 7339
7338 7337 7339
7339 7338 7337
7340 7341
7341 7340
7351 7352
7352 7351
7355 7356 7357
7356 7355 7357
7357 7356 7355
7361 7362
7362 7361
7390 7391
7391 7390
7393 7394 7395
7394 7393 7395
7395 7394 7393
7399 7400 7401
7400 7399 7401
7401 7400 7399
7406 7407
7407 7406
7410 7411
7411 7410
7428 7429
7429 7428
7430 7431
7431 7430
7437 7438
7438 7437
7446 7447
7447 7446
7459 7460
7460 7459
7467 7468
7468 7467
7495 7496
7496 7495
7499 7500 7501
7500 7499 7501
7501 7500 7499
7504 7505
7505 7504
7511 7512 7513 7514
7512 7511 7513 7514
7513 7512 7511 7514
7514 7513 7512 7511
7517 7518
7518 7517
7523 7524 7525 7526 7527
7524 7523 7525 7526 7527
7525 7524 7523 7526 7527
7526 7525 7524 7523 7527
7527 7526 7525 7524 7523
7531 7532 7533
7532 7531 7533
7533 7532 7531
7545 7546
7546 7545
7555 7556
7556 7555
7565 7566
7566 7565
7567 7568
7568 7567
7576 7577 7578
7577 7576 7578
7578 7577 7576
7583 7584
7584 7583
7588 7589
7589 7588
7593 7594 7595
7594 7593 7595
7595 7594 7593
7600 7601
7601 7600
7603 7604
7604 7603
7614 7615
7615 7614
7620 7621
7621 7620
7628 7629 7630
7629 7628 7630
7630 7629 7628
7634 7635
7635 7634
7642 7643
7643 7642
7649 7650
7650 7649
7651 7652 7653
7652 7651 7653
7653 7652 7651
7656 7657
7657 7656
7660 7661
7661 7660
7666 7667
7667 7666
7668 7669
7669 7668
7679 7680
7680 7679
7681 7682
7682 7681
7684 7685
7685 7684
7689 7690
7690 7689
7691 7692
7692 7691
7693 7694
7694 7693
7702 7703
7703 7702
7711 7712
7712 7711
7719 7720
7720 7719
7722 7723
7723 7722
7727 7728
7728 7727
7734 7735 7736 7737 7738
7735 7734 7736 7737 7738
7736 7735 7734 7737 7738
7737 7736 7735 7734 7738
7738 7737 7736 7735 7734
7743 7744
7744 7743
7752 7753
7753 7752
7754 7755
7755 7754
7756 7757
7757 7756
7781 7782
7782 7781
7789 7790
7790 7789
7805 7806
7806 7805
7809 7810 7811
7810 7809 7811
7811 7810 7809
7818 7819
7819 7818
7820 7821
7821 7820
7824 7825
7825 7824
7827 7828
7828 7827
7836 7837
7837 7836
7839 7840
7840 7839
7842 7843
7843 7842
7847 7848
7848 7847
7849 7850
7850 7849
7854 7855
7855 7854
7856 7857
7857 7856
7862 7863
7863 7862
7866 7867
7867 7866
7869 7870
7870 7869
7876 7877
7877 7876
7879 7880
7880 7879
7881 7882
7882 7881
7883 7884
7884 7883
7892 7893
7893 7892
7899 7900
7900 7899
7902 7903
7903 7902
7905 7906
7906 7905
7911 7912
7912 7911
7914 7915
7915 7914
7932 7933
7933 7932
7936 7937
7937 7936
7957 7958
7958 7957
7961 7962
7962 7961
7970 7971
7971 7970
7988 7989 7990 7991
7989 7988 7990 7991
7990 7989 7988 7991
7991 7990 7989 7988
7995 7996 7997
7996 7995 7997
7997 7996 7995
8003 8004
8004 8003
8012 8013
8013 8012
8014 8015 8016 8017
8015 8014 8016 8017
8016 8015 8014 8017
8017 8016 8015 8014
8019 8020 8021
8020 8019 8021
8021 8020 8019
8033 8034
8034 8033
8038 8039
8039 8038
8040 8041
8041 8040
8045 8046 8047
8046 8045 8047
8047 8046 8045
8048 8049
8049 8048
8053 8054
8054 8053
8056 8057
8057 8056
8062 8063
8063 8062
8064 8065
8065 8064
8098 8099
8099 8098
8117 8118
8118 8117
8136 8137 8138
8137 8136 8138
8138 8137 8136
8145 8146
8146 8145
8147 8148
8148 8147
8153 8154 8155
8154 8153 8155
8155 8154 8153
8157 8158
8158 8157
8160 8161
8161 8160
8165 8166
8166 8165
8170 8171
8171 8170
8177 8178 8179 8180
8178 8177 8179 8180
8179 8178 8177 8180
8180 8179 8178 8177
8182 8183
8183 8182
8194 8195 8196
8195 8194 8196
8196 8195 8194
8211 8212
8212 8211
8220 8221 8222
8221 8220 8222
8222 8221 8220
8227 8228
8228 8227
8237 8238
8238 8237
8240 8241
8241 8240
8244 8245
8245 8244
8257 8258
8258 8257
8268 8269
8269 8268
8271 8272
8272 8271
8286 8287 8288
8287 8286 8288
8288 8287 8286
8292 8293
8293 8292
8294 8295
8295 8294
8298 8299
8299 8298
8306 8307 8308
8307 8306 8308
8308 8307 8306
8309 8310
8310 8309
8316 8317
8317 8316
8325 8326
8326 8325
8334 8335
8335 8334
8349 8350
8350 8349
8353 8354
8354 8353
8355 8356
8356 8355
8360 8361 8362
8361 8360 8362
8362 8361 8360
8380 8381
8381 8380
8390 8391
8391 8390
8398 8399
8399 8398
8404 8405 8406
8405 8404 8406
8406 8405 8404
8411 8412
8412 8411
8418 8419
8419 8418
8440 8441
8441 8440
8445 8446
8446 8445
8456 8457
8457 8456
8460 8461
8461 8460
8468 8469
8469 8468
8470 8471
8471 8470
8473 8474
8474 8473
8480 8481
8481 8480
8491 8492
8492 8491
8497 8498
8498 8497
8500 8501
8501 8500
8504 8505
8505 8504
8513 8514 8515
8514 8513 8515
8515 8514 8513
8517 8518
8518 8517
8524 8525
8525 8524
8541 8542
8542 8541
8560 8561
8561 8560
8563 8564 8565
8564 8563 8565
8565 8564 8563
8575 8576 8577 8578
8576 8575 8577 8578
8577 8576 8575 8578
8578 8577 8576 8575
8580 8581 8582
8581 8580 8582
8582 8581 8580
8585 8586
8586 8585
8607 8608
8608 8607
8612 8613
8613 8612
8616 8617
8617 8616
8626 8627
8627 8626
8645 8646
8646 8645
8654 8655 8656
8655 8654 8656
8656 8655 8654
8661 8662 8663 8664 8665
8662 8661 8663 8664 8665
8663 8662 8661 8664 8665
8664 8663 8662 8661 8665
8665 8664 8663 8662 8661
8669 8670
8670 8669
8671 8672
8672 8671
8684 8685
8685 8684
8686 8687
8687 8686
8690 8691
8691 8690
8698 8699
8699 8698
8703 8704
8704 8703
8707 8708
8708 8707
8733 8734 8735
8734 8733 8735
8735 8734 8733
8740 8741 8742
8741 8740 8742
8742 8741 8740
8745 8746
8746 8745
8748 8749
8749 8748
8750 8751
8751 8750
8760 8761
8761 8760
8768 8769
8769 8768
8773 8774 8775
8774 8773 8775
8775 8774 8773
8778 8779
8779 8778
8784 8785
8785 8784
8796 8797
8797 8796
8802 8803 8804
8803 8802 8804
8804 8803 8802
8814 8815
8815 8814
8819 8820
8820 8819
8823 8824
8824 8823
8835 8836
8836 8835
8837 8838
8838 8837
8853 8854
8854 8853
8858 8859
8859 8858
8862 8863
8863 8862
8864 8865
8865 8864
8866 8867 8868
8867 8866 8868
8868 8867 8866
8906 8907
8907 8906
8916 8917
8917 8916
8922 8923
8923 8922
8939 8940
8940 8939
8942 8943
8943 8942
8954 8955
8955 8954
8956 8957 8958
8957 8956 8958
8958 8957 8956
8960 8961
8961 8960
8967 8968
8968 8967
8975 8976
8976 8975
8979 8980
8980 8979
8987 8988 8989
8988 8987 8989
8989 8988 8987
9002 9003
9003 9002
9008 9009 9010 9011
9009 9008 9010 9011
9010 9009 9008 9011
9011 9010 9009 9008
9013 9014
9014 9013
9017 9018
9018 9017
9021 9022 9023
9022 9021 9023
9023 9022 9021
9027 9028
9028 9027
9032 9033
9033 9032
9035 9036
9036 9035
9050 9051
9051 9050
9060 9061 9062 9063 9064
9061 9060 9062 9063 9064
9062 9061 9060 9063 9064
9063 9062 9061 9060 9064
9064 9063 9062 9061 9060
9068 9069 9070
9069 9068 9070
9070 9069 9068
9075 9076
9076 9075
9082 9083
9083 9082
9084 9085
9085 9084
9091 9092
9092 9091
9101 9102
9102 9101
9105 9106
9106 9105
9107 9108
9108 9107
9115 9116
9116 9115
9136 9137
9137 9136
9138 9139
9139 9138
9141 9142 9143
9142 9141 9143
9143 9142 9141
9157 9158
9158 9157
9160 9161
9161 9160
9162 9163
9163 9162
9171 9172
9172 9171
9176 9177
9177 9176
9191 9192
9192 9191
9201 9202
9202 9201
9204 9205 9206
9205 9204 9206
9206 9205 9204
9211 9212 9213
9212 9211 9213
9213 9212 9211
9216 9217
9217 9216
9219 9220
9220 9219
9229 9230
9230 9229
9233 9234
9234 9233
9247 9248
9248 9247
9250 9251
9251 9250
9255 9256
9256 9255
9259 9260
9260 9259
9268 9269
9269 9268
9277 9278 9279
9278 9277 9279
9279 9278 9277
9283 9284 9285
9284 9283 9285
9285 9284 9283
9288 9289 9290
9289 9288 9290
9290 9289 9288
9291 9292
9292 9291
9297 9298
9298 9297
9310 9311
9311 9310
9321 9322
9322 9321
9324 9325 9326 9327
9325 9324 9326 9327
9326 9325 9324 9327
9327 9326 9325 9324
9330 9331 9332
9331 9330 9332
9332 9331 9330
9333 9334 9335
9334 9333 9335
9335 9334 9333
9352 9353
9353 9352
9364 9365
9365 9364
9367 9368
9368 9367
9375 9376 9377
9376 9375 9377
9377 9376 9375
9381 9382
9382 9381
9383 9384
9384 9383
9390 9391
9391 9390
9393 9394 9395
9394 9393 9395
9395 9394 9393
9398 9399 9400
9399 9398 9400
9400 9399 9398
9403 9404
9404 9403
9407 9408
9408 9407
9409 9410 9411
9410 9409 9411
9411 9410 9409
9412 9413
9413 9412
9416 9417 9418
9417 9416 9418
9418 9417 9416
9422 9423
9423 9422
9424 9425
9425 9424
9429 9430
9430 9429
9439 9440
9440 9439
9441 9442
9442 9441
9448 9449
9449 9448
9458 9459
9459 9458
9475 9476 9477
9476 9475 9477
9477 9476 9475
9486 9487
9487 9486
9490 9491
9491 9490
9496 9497
9497 9496
9498 9499 9500 9501
9499 9498 9500 9501
9500 9499 9498 9501
9501 9500 9499 9498
9505 9506
9506 9505
9521 9522
9522 9521
9531 9532 9533 9534
9532 9531 9533 9534
9533 9532 9531 9534
9534 9533 9532 9531
9544 9545
9545 9544
9556 9557
9557 9556
9562 9563
9563 9562
9570 9571
9571 9570
9572 9573
9573 9572
9576 9577
9577 9576
9587 9588
9588 9587
9590 9591 9592 9593
9591 9590 9592 9593
9592 9591 9590 9593
9593 9592 9591 9590
9597 9598 9599
9598 9597 9599
9599 9598 9597
9601 9602 9603
9602 9601 9603
9603 9602 9601
9618 9619 9620
9619 9618 9620
9620 9619 9618
9631 9632
9632 9631
9635 9636
9636 9635
9639 9640
9640 9639
9643 9644
9644 9643
9662 9663
9663 9662
9674 9675
9675 9674
9677 9678
9678 9677
9688 9689
9689 9688
9733 9734
9734 9733
9737 9738
9738 9737
9741 9742
9742 9741
9744 9745
9745 9744
9762 9763 9764
9763 9762 9764
9764 9763 9762
9770 9771
9771 9770
9774 9775 9776 9777
9775 9774 9776 9777
9776 9775 9774 9777
9777 9776 9775 9774
9781 9782
9782 9781
9785 9786
9786 9785
9802 9803
9803 9802
9809 9810
9810 9809
9818 9819
9819 9818
9829 9830
9830 9829
9835 9836
9836 9835
9839 9840
9840 9839
9847 9848 9849
9848 9847 9849
9849 9848 9847
9856 9857
9857 9856
9864 9865
9865 9864
9893 9894
9894 9893
9897 9898
9898 9897
9903 9904
9904 9903
9908 9909 9910
9909 9908 9910
9910 9909 9908
9917 9918
9918 9917
9920 9921
9921 9920
9928 9929
9929 9928
9932 9933 9934
9933 9932 9934
9934 9933 9932
9936 9937
9937 9936
9946 9947
9947 9946
9948 9949 9950 9951
9949 9948 9950 9951
9950 9949 9948 9951
9951 9950 9949 9948
9953 9954
9954 9953
9961 9962
9962 9961
9965 9966 9967
9966 9965 9967
9967 9966 9965
9970 9971
9971 9970
9996 9997
9997 9996
10004 10005 10006 10007
10005 10004 10006 10007
10006 10005 10004 10007
10007 10006 10005 10004
10011 10012
10012 10011
10027 10028
10028 10027
10035 10036 10037 10038
10036 10035 10037 10038
10037 10036 10035 10038
10038 10037 10036 10035
10040 10041
10041 10040
10048 10049 10050
10049 10048 10050
10050 10049 10048
10056 10057 10058
10057 10056 10058
10058 10057 10056
10081 10082
10082 10081
10097 10098
10098 10097
10100 10101 10102 10103 10104
10101 10100 10102 10103 10104
10102 10101 10100 10103 10104
10103 10102 10101 10100 10104
10104 10103 10102 10101 10100
10108 10109
10109 10108
10113 10114
10114 10113
10117 10118
10118 10117
10119 10120
10120 10119
10123 10124
10124 10123
10125 10126
10126 10125
10144 10145 10146 10147
10145 10144 10146 10147
10146 10145 10144 10147
10147 10146 10145 10144
10153 10154
10154 10153
10160 10161
10161 10160
10170 10171
10171 10170
10182 10183 10184 10185 10186
10183 10182 10184 10185 10186
10184 10183 10182 10185 10186
10185 10184 10183 10182 10186
10186 10185 10184 10183 10182
10191 10192
10192 10191
10205 10206
10206 10205
10214 10215
10215 10214
10216 10217
10217 10216
10220 10221
10221 10220
10222 10223
10223 10222
10225 10226
10226 10225
10236 10237
10237 10236
10240 10241
10241 10240
10242 10243
10243 10242
10247 10248
10248 10247
10249 10250
10250 10249
10251 10252 10253
10252 10251 10253
10253 10252 10251
10255 10256
10256 10255
10257 10258
10258 10257
10279 10280
10280 10279
10288 10289
10289 10288
10290 10291
10291 10290
10305 10306 10307
10306 10305 10307
10307 10306 10305
10314 10315
10315 10314
10316 10317
10317 10316
10319 10320
10320 10319
10328 10329
10329 10328
10331 10332
10332 10331
10334 10335
10335 10334
10344 10345 10346
10345 10344 10346
10346 10345 10344
10352 10353
10353 10352
10370 10371
10371 10370
10372 10373
10373 10372
10374 10375 10376 10377
10375 10374 10376 10377
10376 10375 10374 10377
10377 10376 10375 10374
10390 10391 10392
10391 10390 10392
10392 10391 10390
10399 10400 10401
10400 10399 10401
10401 10400 10399
10403 10404
10404 10403
10406 10407
10407 10406
10409 10410
10410 10409
10411 10412
10412 10411
10414 10415
10415 10414
10427 10428
10428 10427
10436 10437
10437 10436
10454 10455
10455 10454
10463 10464 10465
10464 10463 10465
10465 10464 10463
10471 10472 10473
10472 10471 10473
10473 10472 10471
10481 10482 10483 10484 10485 10486 10487
10482 10481 10483 10484 10485 10486 10487
10483 10482 10481 10484 10485 10486 10487
10484 10483 10482 10481 10485 10486 10487
10485 10484 10483 10482 10481 10486 10487
10486 10485 10484 10483 10482 10481 10487
10487 10486 10485 10484 10483 10482 10481
10497 10498
10498 10497
10501 10502 10503
10502 10501 10503
10503 10502 10501
10505 10506
10506 10505
10513 10514
10514 10513
10518 10519
10519 10518
10521 10522
10522 10521
10523 10524 10525 10526
10524 10523 10525 10526
10525 10524 10523 10526
10526 10525 10524 10523
10529 10530 10531
10530 10529 10531
10531 10530 10529
10539 10540 10541
10540 10539 10541
10541 10540 10539
10559 10560
10560 10559
10562 10563
10563 10562
10567 10568
10568 10567
10569 10570
10570 10569
10578 10579 10580 10581
10579 10578 10580 10581
10580 10579 10578 10581
10581 10580 10579 10578
10590 10591 10592 10593
10591 10590 10592 10593
10592 10591 10590 10593
10593 10592 10591 10590
10607 10608 10609 10610
10608 10607 10609 10610
10609 10608 10607 10610
10610 10609 10608 10607
10614 10615
10615 10614
10633 10634
10634 10633
10636 10637
10637 10636
10642 10643
10643 10642
10653 10654
10654 10653
10656 10657
10657 10656
10663 10664
10664 10663
10665 10666
10666 10665
10669 10670
10670 10669
10674 10675 10676
10675 10674 10676
10676 10675 10674
10680 10681
10681 10680
10682 10683
10683 10682
10684 10685
10685 10684
10686 10687
10687 10686
10704 10705
10705 10704
10718 10719
10719 10718
10720 10721
10721 10720
10747 10748
10748 10747
10750 10751 10752
10751 10750 10752
10752 10751 10750
10764 10765 10766 10767
10765 10764 10766 10767
10766 10765 10764 10767
10767 10766 10765 10764
10778 10779 10780
10779 10778 10780
10780 10779 10778
10788 10789 10790
10789 10788 10790
10790 10789 10788
10793 10794 10795
10794 10793 10795
10795 10794 10793
10800 10801
10801 10800
10806 10807
10807 10806
10822 10823
10823 10822
10824 10825
10825 10824
10833 10834
10834 10833
10839 10840 10841
10840 10839 10841
10841 10840 10839
10842 10843
10843 10842
10848 10849 10850
10849 10848 10850
10850 10849 10848
10863 10864
10864 10863
10873 10874
10874 10873
10887 10888
10888 10887
10891 10892
10892 10891
10894 10895
10895 10894
10902 10903
10903 10902
10906 10907
10907 10906
10913 10914
10914 10913
10918 10919
10919 10918
10928 10929
10929 10928
10933 10934
10934 10933
10943 10944
10944 10943
10953 10954 10955
10954 10953 10955
10955 10954 10953
10967 10968
10968 10967
10973 10974
10974 10973
10978 10979
10979 10978
10984 10985
10985 10984
10987 10988
10988 10987
10997 10998
10998 10997
11001 11002 11003
11002 11001 11003
11003 11002 11001
11007 11008
11008 11007
11018 11019
11019 11018
11022 11023
11023 11022
11024 11025
11025 11024
11029 11030
11030 11029
11031 11032
11032 11031
11037 11038
11038 11037
11043 11044
11044 11043
11050 11051
11051 11050
11057 11058 11059
11058 11057 11059
11059 11058 11057
11061 11062
11062 11061
11067 11068
11068 11067
11071 11072
11072 11071
11073 11074
11074 11073
11087 11088 11089
11088 11087 11089
11089 11088 11087
11093 11094
11094 11093
11098 11099
11099 11098
11100 11101
11101 11100
11125 11126
11126 11125
11129 11130
11130 11129
11137 11138
11138 11137
11142 11143
11143 11142
11148 11149
11149 11148
11154 11155
11155 11154
11170 11171
11171 11170
11173 11174
11174 11173
11175 11176
11176 11175
11182 11183
11183 11182
11188 11189 11190
11189 11188 11190
11190 11189 11188
11191 11192
11192 11191
11199 11200
11200 11199
11207 11208
11208 11207
11217 11218
11218 11217
11220 11221
11221 11220
11224 11225 11226
11225 11224 11226
11226 11225 11224
11238 11239
11239 11238
11241 11242
11242 11241
11246 11247
11247 11246
11254 11255
11255 11254
11261 11262 11263
11262 11261 11263
11263 11262 11261
11265 11266 11267
11266 11265 11267
11267 11266 11265
11268 11269
11269 11268
11274 11275
11275 11274
11283 11284
11284 11283
11288 11289
11289 11288
11297 11298
11298 11297
11304 11305
11305 11304
11314 11315 11316
11315 11314 11316
11316 11315 11314
11320 11321 11322
11321 11320 11322
11322 11321 11320
11328 11329
11329 11328
11340 11341
11341 11340
11352 11353 11354
11353 11352 11354
11354 11353 11352
11357 11358
11358 11357
11375 11376
11376 11375
11378 11379
11379 11378
11396 11397
11397 11396
11415 11416
11416 11415
11420 11421
11421 11420
11426 11427
11427 11426
11433 11434 11435
11434 11433 11435
11435 11434 11433
11436 11437
11437 11436
11439 11440
11440 11439
11452 11453 11454
11453 11452 11454
11454 11453 11452
11463 11464
11464 11463
11472 11473
11473 11472
11493 11494
11494 11493
11497 11498 11499
11498 11497 11499
11499 11498 11497
11507 11508 11509 11510
11508 11507 11509 11510
11509 11508 11507 11510
11510 11509 11508 11507
11516 11517 11518
11517 11516 11518
11518 11517 11516
11539 11540 11541 11542 11543
11540 11539 11541 11542 11543
11541 11540 11539 11542 11543
11542 11541 11540 11539 11543
11543 11542 11541 11540 11539
11551 11552
11552 11551
11559 11560 11561
11560 11559 11561
11561 11560 11559
11571 11572
11572 11571
11573 11574 11575
11574 11573 11575
11575 11574 11573
11576 11577 11578
11577 11576 11578
11578 11577 11576
11584 11585
11585 11584
11586 11587
11587 11586
11589 11590
11590 11589
11592 11593
11593 11592
11598 11599
11599 11598
11600 11601
11601 11600
11607 11608 11609 11610
11608 11607 11609 11610
11609 11608 11607 11610
11610 11609 11608 11607
11620 11621
11621 11620
11623 11624
11624 11623
11626 11627
11627 11626
11630 11631
11631 11630
11641 11642
11642 11641
11648 11649 11650 11651
11649 11648 11650 11651
11650 11649 11648 11651
11651 11650 11649 11648
11653 11654
11654 11653
11656 11657
11657 11656
11661 11662
11662 11661
11663 11664
11664 11663
11667 11668 11669
11668 11667 11669
11669 11668 11667
11687 11688
11688 11687
11689 11690 11691
11690 11689 11691
11691 11690 11689
11693 11694
11694 11693
11698 11699
11699 11698
11712 11713
11713 11712
11715 11716 11717
11716 11715 11717
11717 11716 11715
11718 11719
11719 11718
11729 11730
11730 11729
11731 11732
11732 11731
11737 11738 11739
11738 11737 11739
11739 11738 11737
11740 11741
11741 11740
11746 11747
11747 11746
11760 11761
11761 11760
11770 11771 11772 11773
11771 11770 11772 11773
11772 11771 11770 11773
11773 11772 11771 11770
11792 11793
11793 11792
11813 11814
11814 11813
11816 11817
11817 11816
11820 11821
11821 11820
